81	Dead City Radio		13	10772	104986	44	436	87	0.456097560975609773
23	Kish Kash		51	298526	2151563	1210	16307	45	0.868714821763602263
24	Adventure		41	10984	133916	1210	2984	46	0.692718105065666001
32	Do It Again		51	339	4497	0	0	52	0.575268633805219198
39	DJ-Kicks		63	681	11905	879	1868	56	0.679608348968105069
14	Halle Saale		42	4034	36623	1599	10510	37	0.676160881801125768
6	Rubber		11	19	445	0	0	31	0.268684973563022345
7	Analog Worms Attack		34	294353	1915985	2361	22649	32	0.800363508442776705
8	Settle		56	345884	7304460	2365	18723	33	0.92735694183864914
9	Discovery		66	1839118	43791186	1888	17289	28	0.957833020637898658
12	Human After All		57	950459	11953731	1541	16729	28	0.928353658536585358
31	Luxury Problems		0	29121	800883	0	0	51	0.706303939962476535
16	Beware of the Bird		16	54308	264783	1392	23672	38	0.637464821763602307
15	Homework		57	1044964	14798610	1468	12920	28	0.925914634146341453
52	Our Love		28	146121	3124500	8550	46127	66	0.790068011257035629
18	Bittersweet		34	13464	170798	1361	16470	40	0.684931988742964348
60	The Music of Cosmos: Selections from the Score of the Television Series "Cosmos" by Carl Sagan		0	1	0	0	0	42	0.0440900562851782377
61	Suspiria		6	31285	267149	921	12452	74	0.582446060037523416
63	Mindscapes		51	303	6264	1660	14591	76	0.678904784240150105
64	Love Death Immortality		65	61835	1395657	1094	5171	77	0.854960131332082596
28	Home		40	181	4091	1082	3019	49	0.593445121951219567
82	Radio Pyongyang: Commie Funk and Agit Pop From the Hermit Kingdom		0	3	19	31	192	88	0.259136960600375221
19	Between Two Selves		15	2991	66894	1302	18129	41	0.559638836772983095
20	The What CD Volume 6		0	35	779	0	0	42	0.156435272045028134
86	Now That's What I Call Music! 72		0	60311	197735	0	0	42	0.606566604127579789
59	Zaba		0	95120	1869612	0	0	72	0.813583489681050653
2	FWA	/Users/jon/Downloads/Lil Wayne - Free Weezy Album (2015) WEB V0	56	2	2	1293	2281	2	0.613320825515947465
87	ONXRT Live from the Archives: Volume 13		0	0	0	0	0	42	0
33	Welcome Reality		64	341068	5040767	955	19850	53	0.911280487804878025
99	Galactic Melt		51	102466	1802947	745	10156	92	0.833173076923076961
51	The Last Resort		55	276627	4227685	712	9778	65	0.874026735459662252
62	Lost Alone		28	18194	706140	0	0	75	0.613730172266757634
58	Bossa Nova Soul Samba		13	2967	34292	1486	21212	71	0.540243902439024426
36	Ghettoville		14	32662	625925	911	5241	54	0.617354596622889273
38	Bangarang		79	86217	1956225	898	15753	55	0.894547373358348996
40	†		49	199576	5992213	870	11543	57	0.863848499061913744
42	Becoming X		46	481493	4942431	825	19656	58	0.859943714821763572
43	Thora Vukk		47	22861	421384	914	8467	59	0.768761726078799223
44	Dance Classic		4	323	4371	889	9695	60	0.4476078799249531
45	18 Months		42	544119	10238875	894	8767	61	0.843105065666041265
46	Play		26	1139929	19567832	779	10417	62	0.765079737335834897
47	Alive 2007 + Alive 1997		66	1	14	759	17371	28	0.644195590994371514
22	Broke with Expensive Taste		0	74196	3247069	0	0	44	0.84251407129455913
29	Opera		0	123899	552384	0	0	50	0.727767354596622895
53	A Southern Summer's Breeze		1	4331	124826	7766	28940	67	0.566932457786116339
5	Young Alaska		54	8979	142875	2570	22824	30	0.790994371482176328
1	Morning/Evening	/Users/jon/Downloads/Four Tet - Morning-Evening (2015) - WEB V0	49	1957	6580	2746	5479	1	0.67913930581613513
10	The Inevitable End		61	75426	1864244	1916	6845	34	0.874167448405253289
85	89.3 The Current: Live Current, Volume 6		0	43	85	0	0	42	0.119887429643527207
54	Syro		64	134433	2957153	6372	26759	68	0.929151031894934309
88	89.3 The Current: Live Current, Cover to Cover		0	5	60	0	0	42	0.0960225140712945568
89	Live from the Mountain Music Lounge, Volume 18		0	1	2	0	0	42	0.05219512195121951
90	KBCO Studio C: Volume 3		0	0	0	0	0	42	0
91	Happy Holidays from KBCO 97.3 FM Boulder World Class Rock		0	3	6	0	0	42	0.0657410881801125668
92	Good News		27	770	29766	14	443	90	0.435612101313320843
83	89.3 The Current: Live Current, Volume 8		0	32	63	0	0	42	0.109718574108818009
84	Solitude Trilogy		39	67	234	30	320	89	0.457434333958724182
93	89.3 The Current: Live Current, Volume 10		0	0	0	0	0	42	0
94	KFOG 104.5 / 97.7 Live from the Archives: Volume 5		0	0	0	0	0	42	0
95	KFOG 104.5 / 97.7 Live from the Archives: Volume 11		0	0	0	0	0	42	0
96	KBCO Studio C: Volume 19		0	0	0	0	0	42	0
97	89.3 The Current: Live Current, Volume 1		0	1	0	0	0	42	0.0440900562851782377
98	Magic Feel		0	34	323	3744	13420	91	0.542551594746716659
100	Wave 1		54	34813	331037	613	3483	92	0.772760318949343383
101	Hotline Miami 2: Wrong Number Original Soundtrack		0	3	58	0	0	42	0.0914071294559099384
102	Acid Life		3	972	8954	432	12225	93	0.449355065666041276
103	It Follows (Original Motion Picture Soundtrack)		49	4994	107283	268	774	94	0.671634615384615441
104	Dangerous Days		52	16524	449887	276	898	95	0.737488273921200754
105	Turbulence		54	36358	489992	250	1795	96	0.762511726078799246
80	Radio Vietnam		0	42	491	52	148	86	0.313958724202626605
4	Immunity		34	128776	2838386	3329	33370	29	0.811620544090056351
21	Space Is Only Noise		61	190280	5045705	0	0	43	0.919068736141906872
134	Silent Geometry		37	4439	68100	609	4286	119	0.63030018761726081
135	Through a Lense		26	4864	100404	488	11322	120	0.592940900562851758
137	Into Deep		0	1898	56425	409	9341	121	0.584052532833020499
169	Universal Consciousness		12	21157	91784	148	1290	143	0.500656660412758026
183	Volume 1: Sound Magic		29	15973	115935	45	458	156	0.536468105065666001
128	Willy and the Poor Boys		0	130636	1471662	0	0	113	0.805103189493433402
129	Army of Mushrooms		0	76475	2076142	0	0	114	0.814484052532833069
130	Advent Star		0	516	7873	0	0	115	0.252157598499061941
173	Passion		0	16383	485604	0	0	146	0.636547842401500974
131	The Time Machine		0	35800	307147	0	0	116	0.627617260787992515
132	Museum of Consciousness		0	15838	279843	0	0	117	0.583789868667917489
106	Kung Fury (The Original Motion Picture Soundtrack)		0	0	0	0	0	42	0
107	Solid State Survivor		28	23185	328841	180	1431	97	0.607657129455909994
108	I Am The Night		46	11810	380985	186	775	95	0.694007973733583472
109	TERROR 404		37	6750	149675	160	697	95	0.606414165103189462
110	EP III		44	3631	62652	165	445	98	0.614258911819887454
111	Split (c44)		0	1	6	0	0	99	0.0575984990619136938
112	Far Cry 3: Blood Dragon		50	2251	128416	159	921	100	0.663520168855534664
113	Hour Logic		17	6134	57477	123	2018	101	0.499061913696060067
115	Journeys		42	2307	43582	110	453	102	0.58102720450281431
116	Thousand Thursday		40	4343	28945	129	403	103	0.572068480300187643
117	Hotline Miami 2 EP		0	810	9599	116	282	104	0.413639774859286991
118	Hardwired		0	650	17192	111	385	105	0.4331894934333958
119	Night Driving Avenger		32	494	9826	107	662	95	0.499355065666041265
120	Sexualizer		44	724	8957	88	444	95	0.556203095684802973
121	Out of Body		47	5642	215270	99	342	106	0.652063789868667976
122	Sophisticated Technology		27	558	13064	80	524	107	0.468597560975609784
123	Escape Velocity		46	1628	36869	79	337	108	0.584744371482176395
124	Near Dark		49	5502	150983	86	280	106	0.640443245778611669
125	Black Waves		41	5073	81440	76	429	109	0.590454971857410915
126	Today!		17	2666	47988	5951	22277	111	0.586843339587241997
185	Tide		49	6885	77045	38	254	144	0.602356941838649185
136	Are You Shpongled?		45	142061	1884750	357	5900	117	0.797912757973733622
187	Elixir		31	33159	248961	36	404	138	0.569207317073170738
139	Ineffable Mysteries from Shpongleland		0	78482	1621337	0	0	117	0.789981238273921194
138	Tales of the Inexpressible		46	177972	2716248	341	4860	117	0.808044090056285191
141	Interloper		50	76776	1813092	250	2283	122	0.790654315196998136
142	Until We Meet the Sky		52	19948	369740	193	2092	123	0.734181519699812379
143	Kinetik		49	26725	465651	193	2038	124	0.732047373358349018
144	The God Particle		23	7272	36603	179	3218	117	0.522736866791744803
145	Origin # 02		36	7235	111797	181	956	123	0.605288461538461497
146	Ephemeris		43	35782	665696	131	1395	125	0.707891651031894997
147	Distances		0	0	0	0	0	126	0
148	360		43	25368	414802	99	859	127	0.679549718574108841
149	Phoenix Rising		29	5452	113401	90	1576	128	0.55721153846153848
150	Prima Materia		39	29251	437836	94	998	128	0.664270637898686678
151	Baby Robot		30	3160	18391	96	520	129	0.505323639774859279
152	Memory Shell		32	37353	625254	88	683	130	0.631777673545966256
153	9980		33	5392	82262	82	631	131	0.55680112570356477
154	Random Precision		30	4025	64044	80	658	120	0.532856472795497194
155	ALive		17	2132	20132	81	626	132	0.445778611632270172
157	In Search of a Meaningful Moment		38	8482	162293	72	647	132	0.601934803001876184
158	Aftermath		13	6839	352653	72	548	130	0.499355065666041265
159	Imbue		18	480	13019	68	232	134	0.415478424015009395
160	Idyllic Life		29	25230	265615	59	781	135	0.57967870544090061
162	Cosmic Dubs		47	12950	41460	57	260	128	0.600938086303939967
163	Autumn Light		16	242	2398	43	134	136	0.363778142589118225
164	My Little Forest		18	2769	49716	44	325	137	0.444066604127579756
166	Spike		15	5151	63246	41	635	139	0.44784240150093807
167	The Mystery of the Yeti / Mystical Experiences		0	1	4	0	0	140	0.0569230769230769235
168	The Alternative		40	93949	4719440	697	17753	142	0.810084427767354565
127	Lost on the River		0	19901	145931	0	0	112	0.53553470919324575
170	Stone Flower		24	38964	221815	119	1016	144	0.574953095684803017
171	Rainforest Reverberation		29	3849	76906	118	1432	128	0.547080206378986911
172	ESCM		15	115469	666624	125	1445	145	0.583407598499061875
174	Dog with a Rope		0	0	0	0	0	147	0
175	Saw Delight		22	10898	67299	78	903	148	0.509885084427767366
176	The Arcane Terrain		0	0	0	0	0	149	0
177	The Mirror Pool		30	30817	764669	62	331	150	0.605769230769230727
178	Dream a Little Dream		5	1053	23228	0	0	151	0.321968275626812239
179	Émilie Simon		6	8344	94715	64	761	152	0.449542682926829251
180	Amethyst Noise		14	440	7367	44	338	153	0.381074108818011237
181	The Trunk Archives		0	0	0	0	0	154	0
182	The Vigil		25	3079	21669	45	243	155	0.453037054409005657
184	The '69 Los Angeles Sessions		41	9053	100029	42	350	157	0.583067542213883683
188	If Life Gives You Lemons, Make Lemonade		3	2110	31885	30	770	158	0.382469512195121986
189	Walking Through		16	8511	171990	34	290	138	0.466920731707317072
190	Lamentation of Swans: A Journey Towards Silence		31	185	7874	0	0	159	0.438393314003070078
191	The Elixir Remixes		26	352	5987	28	216	138	0.40912288930581614
192	DIACHRONISM		30	2056	32809	28	187	160	0.462898686679174498
193	Bonafied		38	2192	28912	28	173	161	0.502650093808630349
194	Lebanese Blonde		41	19805	185967	24	318	162	0.589786585365853711
195	Cinema		25	3438	38503	26	311	163	0.450644934333958747
196	3 Cities		34	12123	129979	25	543	164	0.544582551594746778
197	I'm an Albatraoz		24	100053	556678	105	299	165	0.589212007504690494
198	Scale		5	4519	70721	97	1150	166	0.448932926829268275
199	Restless		58	127154	1019260	98	1316	167	0.782446060037523483
200	15 Again		40	161858	1112337	86	1376	168	0.714528611632270216
201	Ross Ross Ross		19	22941	168937	63	1054	169	0.527743902439024359
114	Trilogy		78	220420	5983663	621	7854	98	0.904291744840525324
281	Dreamers of Unknown Tales		6	77	305	0	0	220	0.249906191369606012
250	Hicksville - Remastered & Remixed		22	3056	14782	30	345	194	0.426876172607879911
279	Some Heavy Ocean		0	6311	188895	0	0	73	0.519249530956848004
273	De Mysteriis Dom Sathanas		0	122744	2635746	0	0	214	0.850431519699812344
280	Pungent Effulgent		7	14345	150447	7421	25273	80	0.600187617260787953
272	Duets		65	41269	658897	2235	15225	213	0.862875234521575996
202	Western Dream		3	157146	1065795	44	751	170	0.531027204502814265
287	666		38	14153	381936	4760	42197	83	0.759204971857410871
203	Russian Circles		29	11769	141987	40	552	171	0.534638836772983073
204	Until Then, Goodbye		49	2099	61819	42	681	172	0.605605065666041331
292	Tago Mago		20	120594	1747673	3880	61597	148	0.737863508442776705
299	Fome de Tudo		38	12334	362726	3052	10119	236	0.736948874296435297
274	To the Treetops!		42	18844	394691	943	12784	215	0.744652908067542252
205	This Warm December: A Brushfire Holiday, Volume 1		0	5	22	0	0	42	0.0838649155722326484
206	Ministry of Sound: Clubbers Guide 2013 Vol.1		0	0	0	0	0	42	0
207	The Reward Is Cheese / Desynchronised		0	1783	7245	0	0	173	0.269118198874296444
278	Tremors		65	98257	1924006	0	0	219	0.890346239126726946
208	International Language		5	4719	23930	23	172	174	0.359263602251407133
209	Memphis Is Dead		28	2414	57157	23	60	175	0.451149155722326445
210	Cloudburst of Colours		4	1765	31657	19	158	176	0.346857410881801109
211	Bolt		0	0	0	0	0	177	0
212	The Boxer		60	12002	32968	24	253	178	0.605100844277673522
213	Bells EP		29	6131	32587	19	302	179	0.461714352720450305
214	Get Shaky		0	15721	111787	19	392	180	0.4662101313320825
215	Promiscuous		33	10908	55155	18	102	181	0.490220450281425912
216	Sucka Free (Hosted by Lil Wayne)		49	233	4669	17	329	25	0.51408302063789868
217	Dont Fall In Love		15	0	0	13	63	182	0.373238956165785452
218	Esther EP		72	202	740	13	298	183	0.539739681050656617
219	Putumayo Presents: Women of Jazz		0	83	779	0	0	42	0.163789868667917449
220	Now That's What I Call Motown		0	35	294	0	0	42	0.138874296435272049
221	Saturday		27	16703	107158	13	323	184	0.483911819887429651
222	Comfortably Numb		53	8580	21989	17	152	185	0.567061444652908087
223	Piece of Me		50	12134	89242	14	402	186	0.598217636022514099
224	Kung Fu Super Sounds		0	11	112	0	0	42	0.116360225140712939
225	Sex  Lies & Audiotape		65	274	1112	16	421	47	0.544559099437148197
226	12"/80s Love		0	4	8	0	0	42	0.0708067542213883655
227	Bite Harder: The Music De Wolfe Sampler Volume 2		0	0	0	0	0	42	0
228	80's 12'' (the Extended Collection)		0	0	0	0	0	42	0
229	V Live		22	19572	387616	13	423	179	0.503424015009380832
230	The Hardware Chronicles Vol 4		0	6	16	0	0	42	0.0823264540337711043
231	De Afrekening 45		0	12	149	0	0	42	0.119849906191369607
232	Not Exactly (Remixes)		34	438	2377	14	196	47	0.421669793621013145
233	Cocoon Morphs Tokyo		0	26	69	0	0	42	0.11043151969981238
234	You Heard It Here First!		0	40	615	0	0	42	0.154634146341463413
235	Taste of Christmas		0	26533	229089	0	0	42	0.592607879924953118
236	Molehill / Missing		0	0	0	0	0	187	0
237	Diamonds (Bee Q & Unique UKG Remix) Promo		38	0	0	10	143	188	0.538154528398430809
238	Hed Kandi: Kandi Lounge 2008 		0	4	18	0	0	42	0.0802626641651031925
239	Horny Summer House 2015		0	0	0	0	0	42	0
240	Attention Whore		0	37	131	0	0	189	0.124803001876172603
241	Angel on My Shoulder		67	12212	70401	9	253	190	0.616815196998123816
242	Hed Kandi: The Mix 2009		0	65	537	0	0	42	0.154146341463414632
243	Trancemaster 6004		0	19	190	0	0	42	0.125741088180112565
244	Time Reveals		2	242	1288	10	218	191	0.286022514071294587
245	Sundrops - Light In Motion		0	8	208	0	0	42	0.12262664165103189
246	The Best Of Chess: Original Versions Of Songs in Cadillac Records		0	37	306	0	0	42	0.141688555347091932
79	Recordings of Shortwave Numbers Stations		17	626	38746	135	915	85	0.465689493433395885
248	Geometry		37	22149	217255	82	697	192	0.618069887429643527
161	Luminous EP		32	9018	54132	55	594	124	0.534814727954971869
249	Spiral Empire		16	2546	80815	37	377	193	0.441522045028142573
251	We Are One		33	8121	57103	24	324	195	0.508126172607879956
252	Make Animals Happy		24	4881	50657	14	209	196	0.434380863039399656
253	Catching Zinc		13	698	7608	10	88	197	0.327286585365853644
254	TubTa		4	1234	17421	6	165	198	0.319606003752345214
255	Cafe Tel Aviv - Middle East Chillout		0	6	68	0	0	42	0.100562851782363974
256	Escape Life EP		5	3	14	2	14	199	0.240349437148217632
257	Multitudes		5	1377	16221	1	54	200	0.312933864915572235
258	Raindrops		2	74	963	1	12	201	0.261444652908067565
259	Spanish Breakfast		37	11429	193471	73	554	202	0.599742026266416484
260	Habitat EP		30	2132	10478	42	375	203	0.465935741088180144
261	At Play Vol.3		38	676	10594	45	1330	47	0.522291275797373333
262	Undertow		0	0	0	0	0	204	0
263	Tremors EP		21	414	4470	20	243	205	0.378072232645403405
282	The Dragon Experience		19	3002	100500	0	0	221	0.45316390926147021
283	Jane Jane Pollock		24	1178	14805	0	0	222	0.411069418386491581
293	Shaking the Habitual		42	135488	2571410	3511	48451	230	0.858079268292682995
294	This Is All Yours		76	1063	44093	3544	14985	231	0.776043621013133178
295	Death Rattle		1	2	9	3653	12351	232	0.425023452157598514
296	The Downward Spiral		52	839175	16874236	3281	50217	233	0.942295966228893112
297	Tomorrow's Harvest		60	149515	6242481	3092	30690	234	0.935764540337711059
298	OK Computer		69	1943235	56606068	3043	42960	235	0.980933395872420233
275	Stratosfear		28	37674	196382	0	0	216	0.57352891011427598
360	Like Father, Like Son		43	1486	15053	172	4080	5	0.59905018761726081
307	The Dark Side of the Moon		77	495833	14616308	3277	28220	241	0.976512664165103184
311	The Terror		38	50252	759790	2244	25935	245	0.784087711069418436
355	Wysing Forest		31	6306	53367	170	722	280	0.552556285178236406
314	Rhythm		18	12839	124365	2219	15023	248	0.61485694183864914
300	Vulnicura		37	40392	1279337	2806	9279	237	0.775762195121951215
302	Grand Opening and Closing		24	23908	304257	2652	20478	239	0.675949812382739212
309	Crack the Skye		0	192006	6914135	0	0	244	0.921088180112570321
301	Rule of Thirds		0	162	1662	2808	9411	238	0.551801125703564654
303	Computer Controlled Acoustic Instruments pt2 EP		51	29090	403403	2451	7472	68	0.805171200750469107
304	Merriweather Post Pavilion		35	491607	20271903	2747	45777	240	0.855042213883677293
305	Wish You Were Here		73	659308	15259719	2374	23969	241	0.967952626641651048
306	Seeds		60	86664	1363442	2276	9238	242	0.87369840525328335
308	Twenty Systems (1968-1988)		18	71	2018	2302	16165	243	0.516533771106941875
310	The King of Limbs		65	535929	18151842	2199	49063	235	0.95911116322701695
312	Droids		26	1209	29454	2171	15541	246	0.58976313320825513
313	Panda Bear Meets the Grim Reaper		36	63042	1377401	2102	7315	247	0.768714821763602285
315	The What CD		0	1704	3865	2104	75296	249	0.598555347091932366
316	The Money Store		60	155805	6125749	1974	24371	250	0.924132270168855574
317	New History Warfare Vol. 2: Judges		34	31604	541994	1949	16976	251	0.738227016885553478
319	Visions		65	448306	17820438	1832	22916	253	0.949355065666041331
321	Exai		36	28910	677158	1850	16176	255	0.753670262664165147
323	Efdemin		31	14137	292897	832	7186	257	0.660940431519699834
324	We Are Monster		32	22366	304928	532	14285	258	0.675152439024390261
325	White Rainbow		13	3598	46950	519	20944	259	0.525316604127579745
326	Vocalcity		28	38659	246341	475	12324	260	0.651371951219512191
327	Berlin Calling		52	42261	1816056	471	11969	261	0.822725140712945557
328	Vexillology		45	32847	406637	448	7630	47	0.747467166979362108
329	FABRICLIVE 60		6	1	0	365	8179	262	0.476956363856442522
330	Unpatterns		36	50523	543353	357	5047	263	0.702415572232645391
331	Lust		15	481	11627	334	7337	264	0.471740150093808652
332	Abaporu		59	23512	170122	338	1186	265	0.739469981238273899
333	Dependent and Happy		2	2579	56803	337	3599	266	0.468280956848030006
334	Chromophobia		46	88596	1312551	326	6770	265	0.783395872420262651
335	Unity		37	4	41	290	733	267	0.493409943714821775
337	Out of the Black		18	43560	437628	274	2678	269	0.598874296435272013
338	Comfort		51	23986	411327	274	2083	270	0.743492026266416528
339	Folk		36	1513	16134	247	682	271	0.551770637898686633
340	Time for Us		51	15187	58946	237	2292	43	0.684251876172607854
341	Think And Change		1	512	1047	247	2602	272	0.390032833020637903
342	Power of Anonymity		15	800	15340	237	920	273	0.451969981238273921
343	Alcachofa		17	91361	588762	213	2891	266	0.607317073170731692
344	Eve		51	22576	340254	231	1253	274	0.726969981238273943
345	Ghettos & Gardens		38	9606	88702	192	1627	275	0.618503752345215818
346	Love Taking Over EP		41	5098	17935	201	853	276	0.591287523452157626
347	Ellipsis		42	2366	14751	201	2741	277	0.596493902439024448
348	III		39	15115	350118	187	2291	265	0.670532363977485946
349	All The Way Back In Time Again		0	44	161	183	1013	278	0.391463414634146301
350	Delicacies		24	19291	172234	174	3549	263	0.576336772983114476
351	Dirtybird 10		23	350	824	170	600	38	0.437722795497185735
352	Jupiter George		32	1398	5750	173	481	279	0.50136022514071299
353	Cybekks		30	71	573	166	391	59	0.456097560975609773
354	Guten Tag		52	16158	566146	169	1475	261	0.736292213883677271
356	Dirtybird BBQ		30	0	0	166	906	281	0.610063107624083223
357	The Machine EP		45	27	156	153	656	282	0.53477954971857411
358	More!		9	59330	867516	154	3448	274	0.576418855534709174
359	Most Known Unknown		41	263994	1767111	212	3694	283	0.760318949343339545
361	Type of Way		69	6844	20664	122	949	284	0.671493902439024404
362	Super Tight		6	9339	97972	86	1419	285	0.465748123827392113
363	Underground Atlanta		30	24986	49265	82	639	286	0.545051594746716717
364	Dirty Money		45	14440	139813	59	1202	285	0.646587711069418369
365	Priceless		32	3324	55933	55	2037	5	0.541463414634146378
366	On the Run		16	11241	75594	43	294	287	0.453166041275797404
368	Jet World Order 2		23	30	673	40	517	289	0.393527204502814254
369	5 * Stunna		4	605961	1692589	36	1504	5	0.553142589118198913
370	The Mind of Mannie Fresh		42	28045	116569	25	355	15	0.591604127579737349
371	Balls and My Word		24	5370	35251	30	311	290	0.450621482176360222
372	Fast Money		39	115943	247061	30	576	5	0.626571294559099434
373	Heart of a Champion		35	5859	86947	28	753	291	0.540677767354596606
374	Ruthless		38	12532	179741	28	777	292	0.58629221388367736
375	Kuntry Livin'		59	2039	17471	27	147	293	0.576196060037523439
376	Hoodstar		54	36407	224441	30	396	294	0.671869136960600355
377	Bluestars		63	121001	579909	24	524	295	0.724237804878048785
378	Goon Affiliated		46	13693	121781	24	709	296	0.612922138836772934
379	The One And Only		35	369	4508	22	501	297	0.457047373358348996
380	Still Doubted?		42	11	232	20	230	297	0.451676829268292668
381	Santa's Playlist		21	4538	24360	21	194	298	0.41573639774859289
382	Savage Life 2		53	71033	195672	20	373	299	0.658137898686679157
383	Da REAList		51	17330	222667	17	678	296	0.642858818011256994
384	Dorrough Music		41	74603	199293	17	705	300	0.612582082551594742
385	Kryptonite (I'm On It)		0	10	49	13	130	301	0.225290806754221362
387	Legendary Status: Ying Yang Twins Greatest Hits		54	18043	59538	14	99	303	0.591170262664165058
388	UG-Solo		41	1326	147470	14	88	304	0.531625234521575951
389	Bringin' It Home		55	259	528	15	28	293	0.499401969981238258
390	Kamakazie: Timez Up		44	4	16	13	70	305	0.426125703564727953
391	I Luv This Shit		47	14677	54387	11	137	306	0.559591932457786156
392	Ev'rybody Know Me		35	83852	292811	14	218	307	0.568175422138836761
393	Loved By Few, Hated By Many		37	321	3343	11	198	308	0.43442776735459665
394	Underground 16: For da Summa		27	305	3612	12	162	309	0.383384146341463394
395	Throw Back Thong Da Album		28	6	23	12	166	310	0.348674953095684803
320	Laughing Stock		40	96185	1290465	1950	25442	254	0.812476547842401531
461	The Powers That B		47	17547	440923	1677	4807	250	0.774448874296435275
418	Elegancia Tropical		37	18462	257742	77	604	329	0.615982645403377105
318	To Be Kind		43	76605	1206284	1891	9090	252	0.806977016885553455
413	Diver		0	27655	371395	0	0	323	0.630656660412757919
411	Minus Tide		0	9338	66791	0	0	323	0.447279549718574088
409	Ceres & Calypso in the Deep Time		0	8225	278887	0	0	321	0.561838649155722347
410	2 RUDE		0	1596	11273	0	0	322	0.286754221388367703
412	Pop Negro		0	72287	1577174	0	0	324	0.782288930581613529
415	Paradise Freaks		0	1604	19424	0	0	326	0.316060037523452131
414	St. Lucia		0	124965	937226	0	0	325	0.771257035647279543
416	No Más		0	28430	290814	0	0	327	0.61099437148217639
417	Annie		0	12200	30707	0	0	328	0.396397748592870525
397	Thought Of Many Ways		24	1267	7222	13	50	311	0.37544559099437147
398	Our World, Our Way		32	2294	32063	10	121	312	0.445579268292682906
399	Vol. 2: Da Exorcist		31	1	10	12	133	309	0.355405722326454065
400	Rise		24	1683	55710	9	128	313	0.415501876172607865
401	The Heart Of Tha Streetz Vol. 2		39	274	3800	10	34	9	0.435963883677298325
402	4:30 AM		73	1523	4788	9	210	314	0.555687148217635984
403	Wasted: The Prequel		27	3459	15114	7	17	315	0.400820825515947499
404	Light Poles and Pine Trees		26	14116	91560	7	91	316	0.450422138836773012
405	From Me 2 U: The Gentlemen's Edition		0	1	0	7	85	317	0.257328799249530948
406	Easy 2 Hate		42	629	10698	7	97	318	0.469125234521576007
407	Skys The Limit		35	174	2342	7	29	319	0.402415572232645402
408	Underground Volume 8: Escape From Hell		46	0	0	9	35	320	0.585689919836261286
419	On Trade Winds		32	33112	480601	76	1817	330	0.629526266416510327
420	Sofrito: Tropical Discotheque		43	171	311	76	830	331	0.522162288930581586
421	Mighty		43	40815	210577	69	1157	332	0.662042682926829329
422	Future Splendors		35	4618	63691	68	380	333	0.546153846153846212
423	Exotica		4	7998	46363	55	529	334	0.414727954971857438
424	Tropical Disco Hustle		19	97	365	53	312	335	0.379690431519699834
425	Into the Sun		67	823	4856	52	956	332	0.613309099437148175
426	Amara Touré (1973 - 1980)		34	36	272	51	87	336	0.426559568480300189
427	3.0		75	21196	175858	49	297	337	0.699167448405253245
428	Rio		60	6	21	49	79	338	0.516674484052532801
429	Islands		6	1	0	46	71	339	0.348287235974096721
430	Jamz n Jemz		31	8365	320520	42	1413	327	0.578189493433395874
431	Orient		2	160	1940	46	192	340	0.324706848030018758
432	Heartland		26	567	7168	37	157	341	0.417073170731707299
434	Systema Solar		44	13436	147055	33	453	342	0.611292213883677271
435	Celia & Johnny		42	196	1237	36	398	343	0.494535647279549739
436	Stay Out Tonight		16	570	4001	33	315	344	0.37475375234521574
437	Mutual Spirits		29	998	4283	33	233	345	0.431425891181988763
438	Mambo Loco		3	110	1888	33	288	346	0.319594277673545979
439	Return to Paradise		43	5782	147122	26	235	347	0.579725609756097549
440	Is It Balearic? Recordings: The First 5 Years		0	6	50	30	182	348	0.264015009380862975
441	Bébites		1	1	13	32	112	349	0.264434803001876162
442	Soundway Remixed		16	118	209	32	165	350	0.339528611632270161
443	Coral		36	15463	215760	29	605	347	0.579725609756097549
444	Javelin		6	1659	17242	25	508	327	0.366885553470919334
445	La Beat Tape		34	4272	44976	34	143	351	0.498182457786116306
446	For Seven Nights This Island Is Ours		0	437	9227	26	115	352	0.330787992495309546
447	Pino Silvestre		0	2	32	25	48	353	0.230881801125703529
448	2		8	311	3467	22	405	327	0.336257035647279545
449	Ocean Trippin'		6	580	9943	23	372	326	0.345192307692307687
450	NGUZUNGUZU EP		10	1047	10982	22	564	354	0.367682926829268286
451	Beginner's Guide to Cumbia		1	3	10	0	0	355	0.192904656319290463
452	Disque Oh!		13	321	1751	19	304	356	0.33628048780487807
453	Sunflower		23	1708	7489	23	105	347	0.392976078799249562
454	Admiral Byrd / Admiral Dub		0	0	0	24	118	357	0.396022514071294574
456	LOL Boys		17	2644	11652	20	527	359	0.398100375234521575
457	Positive Force		8	112	1011	0	0	360	0.270100631076240827
458	Exotica III		0	1903	8821	19	187	334	0.335497185741088111
462	At Action Park		32	45761	918568	1052	9001	362	0.72227954971857411
463	You're a Woman, I'm a Machine		54	379639	10985530	913	10399	363	0.895884146341463405
464	Here and Nowhere Else		50	72517	1703560	880	4559	364	0.818785178236397737
465	Multiple Man		8	464	3270	819	13209	365	0.461456378986866811
466	White Light/White Heat		29	230353	1846469	780	5885	366	0.726477485928705424
467	Dude Incredible		38	20464	265976	726	3140	362	0.689000938086303916
468	Say Yes to Love		15	36917	488355	676	3850	367	0.604924953095684836
469	Fantasy Empire		42	8071	114650	600	1764	368	0.668738273921200777
470	II		37	10767	143479	601	1619	369	0.646493902439024382
471	Metz		45	74844	1205914	496	5522	369	0.783348968105065713
472	Transfixiation		14	11981	186066	485	1485	370	0.543855534709193233
473	My Father Will Guide Me Up a Rope to the Sky		30	57832	1037461	449	5404	252	0.694394934333958713
474	Sister		34	229081	3201510	418	5646	371	0.752743902439024448
475	King of the Beach		38	209732	5897676	416	9220	372	0.791158536585365835
476	Pe'ahi		35	27992	470415	384	1872	373	0.676336772983114454
477	Songs About Fucking		4	119191	2117662	361	4653	374	0.612159943714821742
478	An Object		17	18928	266130	351	3528	375	0.577321763602251403
479	Dirty		21	369907	5063581	353	4816	371	0.698241088180112546
480	Get Color		16	76194	1698244	306	5688	376	0.637734521575984981
481	Wonderful Rainbow		34	100100	1346546	283	3577	368	0.712687617260787998
482	Wavvves		28	116885	2376244	278	7327	372	0.705382270168855574
484	Filth		35	34531	650246	272	987	252	0.675433864915572224
485	Yank Crime		13	78281	969013	261	2178	377	0.601043621013133245
486	Olympians		20	10993	46168	266	4328	378	0.533313789868667953
487	Whatever Nevermind: A Tribute to Nirvana's Nevermind		23	745	1212	262	625	379	0.455522983114446556
488	Goat		31	74445	1100938	256	2015	380	0.682000469043151925
489	Tweez		26	56747	675201	244	2407	381	0.641897279549718536
490	Everything in Between		20	104736	1858878	240	6387	375	0.658724202626641664
460	The Seer		19	98113	1666650	1700	19845	252	0.708595215759849961
551	The Wall		65	473243	19982011	2293	24600	241	0.956812851782363971
554	Recharger		0	295	3165	817	9940	436	0.515009380863039379
520	Kallisti		0	53	1216	1479	8781	409	0.517954971857410795
548	Aquemini		55	296364	3504976	722	5366	432	0.865349437148217659
459	Cancer		16	2363	50715	2812	9447	361	0.564587242026266423
530	Sunbather		0	90838	2287529	0	0	417	0.828893058161350837
569	Country Grammar		15	389610	1869826	237	4449	448	0.642190431519699789
527	We Die for Truth		0	764	9817	0	0	415	0.267617260787992473
500	The Good, The Bad & The Queen		47	425054	5620513	0	0	390	0.874279379157427927
498	King Night		0	127755	2949836	0	0	388	0.858348968105065668
525	Feel.Love.Thinking.Of.		0	35571	699712	0	0	414	0.705440900562851803
491	Locust Abortion Technician		36	74530	649030	239	3091	382	0.697385084427767366
492	Aesthethica		35	33443	534555	266	3153	383	0.68042917448405249
493	Nouns		39	157756	3482481	231	7195	375	0.77113039399624761
494	Atomizer		0	38921	588494	223	2154	374	0.690600375234521446
495	In the Pit of the Stomach		14	45016	714090	214	3812	384	0.593327861163226999
496	In Search of Hawkwind		6	146	299	0	0	385	0.252464608562169512
497	Shrines		43	307548	10092577	1763	19373	387	0.872748592870544071
499	Without Your Love		43	27702	560202	1275	10784	389	0.770649624765478491
501	Wild Light		21	55688	1002374	8154	31951	391	0.721235928705440954
502	Whale Fall		19	606	14431	0	0	392	0.378969810677127761
504	We Sing Loud Sing Soft Tonight		5	3467	25312	4754	17431	394	0.531085834896810494
506	'Asunder, Sweet and Other Distress'		47	2246	26251	2865	7440	396	0.699566135084427776
508	Fade		37	11682	305306	2418	17804	398	0.729491088180112546
509	( )		42	307885	9478486	2304	29968	399	0.877825984990619146
510	Awake		68	141095	2439217	2281	10975	400	0.914387898686679135
511	Valtari		51	134225	3553703	2241	24628	399	0.89170966228893056
512	Nuet		26	4127	60608	2064	14718	401	0.615044559099437116
514	Kurr		51	187492	3314118	1811	13651	403	0.881437617260787953
515	Rivers Arms		43	151946	2207401	1763	12395	404	0.834427767354596672
516	DAYS		0	3291	95162	1606	13139	405	0.667129455909943658
517	F♯ A♯ ∞		41	1588	12516	1567	30559	406	0.660705909943714809
518	The Suburbs		61	702883	42360169	1554	30711	407	0.949003283302063849
519	All Hail Bright Futures		49	10693	466934	1531	18611	408	0.790724671669793655
521	The What CD Volume 5		0	238	660	1448	29129	410	0.544840525328330161
522	At Land		15	6111	85214	1403	11752	411	0.567026266416510327
523	Eighty One		20	62549	990483	1333	24040	412	0.692331144465290871
524	The What CD Volume 6		9	217	481	1323	22705	413	0.469101782363977482
526	Funeral		44	834071	24922371	1245	19333	407	0.884275328330206389
528	Kveikur		58	91383	2361475	1363	10608	399	0.876829268292682928
529	Rave Tapes		22	87055	1852065	1194	6594	416	0.697420262664165125
532	Exit!		13	6197	27966	1165	11130	419	0.529162757973733577
533	'Allelujah! Don't Bend! Ascend!		42	51319	721723	1124	9919	396	0.776618198874296395
534	Built on Glass		65	157684	3281037	1083	4963	420	0.884650562851782341
535	When I Drifted I Heard a Faint Melody		31	2468	60649	1100	11224	421	0.620356472795497216
536	The Airship		40	33506	821655	1047	9093	422	0.761808161350844282
537	Rusty		17	16817	163758	951	14139	423	0.600926360225140677
538	Saturdays = Youth		57	643425	12139343	916	19937	424	0.917542213883677293
539	Noumena		1	3589	46599	920	12264	425	0.495497185741088197
540	Ágætis byrjun		24	503931	12583944	978	13212	399	0.760389305816135064
541	Lift Your Skinny Fists Like Antennas to Heaven		52	21900	208328	882	11067	406	0.770028142589118225
542	Sing the Word Hope in Four-Part Harmony		35	67061	1448196	861	9367	426	0.746974671669793588
543	Helioscope		28	16201	297612	846	10736	427	0.653072232645403372
544	Talkie Walkie		64	777667	13889968	588	8441	428	0.906038930581613555
545	Fancy Footwork		29	287701	4519123	433	9230	429	0.741135084427767321
546	From Here to Eternity		33	40097	313359	337	2575	430	0.660330675422138857
547	Speakerboxxx / The Love Below		74	37473	446540	1081	14858	432	0.846329737335834942
549	Vicious Lies and Dangerous Rumors		47	67072	848929	688	10465	433	0.796857410881801176
505	Frames		28	102410	1601607	2901	22318	395	0.758196529080675474
552	Sea of Tranquillity		15	2563	22674	1093	9223	434	0.520520637898686744
553	Bowery Electric		25	16829	175291	940	9881	435	0.629373827392120111
555	Billions and Billions		6	6559	102639	770	27999	437	0.541756566604127632
556	Shadow of the Sun		11	9267	113270	777	2297	438	0.533524859287054398
557	The Soft Bulletin		38	463134	6165135	712	10955	245	0.810975609756097615
558	Ladies and Gentlemen We Are Floating in Space		29	111554	2743094	669	10737	439	0.734416041275797404
559	The Heart Is a Monster		52	282	6236	638	1140	440	0.631801125703564725
560	Formula		44	708	11951	630	6478	441	0.629467636022514099
561	Z		24	385687	4983266	573	7380	442	0.721189024390243905
562	Embryonic		35	131409	3938585	558	14270	245	0.774859287054408985
563	Commune		40	23981	370667	502	2010	443	0.701758911819887476
564	Live Versions		56	26536	384621	468	2598	444	0.77115384615384619
565	World Music		39	50207	962421	432	4015	443	0.73632739212007503
566	The Astronaut Dismantles HAL		16	16180	124211	395	5350	445	0.555921669793621009
567	Now Here Is Nowhere		35	75700	766177	393	12084	446	0.723686679174484038
568	Pygmalion		40	113674	1833328	372	2538	447	0.759169793621013111
570	Nova Tunes 3.0		37	443	1182	110	351	449	0.49338649155722325
571	Nova Tunes 2.9		46	6677	14913	79	329	450	0.581390712945590971
572	Nova Tunes 2.8		0	450	1183	70	339	451	0.363470919324577812
573	Nova Tunes 2.7		78	0	0	64	518	231	0.789220535561999004
574	Nova Tunes 2.3		7	557	1818	52	635	452	0.36421200750469046
575	Rare Grooves Africa #1		21	0	0	49	343	453	0.492290636193075226
576	Nova Tunes 2.4		64	1360	4244	43	566	454	0.591955909943714831
577	Nova Tunes 2.1		8	201	565	39	767	455	0.348534240150093821
578	Nova Classics Ten		46	81	250	34	358	456	0.500433864915572291
579	La Boîte Bleue : Nova en 25 CD		25	0	0	29	436	457	0.500272897833873409
580	Nova Classics Eight		21	1	3	25	153	458	0.325211069418386511
581	Nova Classics Nine		0	8	14	24	273	459	0.254090056285178223
582	In Bed with Nova: Première Nuit		27	2	12	20	303	460	0.357481238273921198
507	Nord		32	28577	580126	2606	22030	397	0.739047842401500898
663	Drenge		35	28072	532508	0	0	516	0.661436124850758977
669	Perler fra Svin		0	604	15536	221	4197	522	0.49720450281425882
674	City of Evil		70	528457	18279316	0	0	527	0.977554153163909256
605	The Gathering		0	99231	1239190	0	0	114	0.780675422138836783
606	Classical Mushroom		0	116380	1796025	0	0	114	0.81294559099437147
662	Distance		0	10849	130770	0	0	515	0.506228893058161322
583	Rare Grooves Reggae 05 by Nova		0	6	38	22	115	461	0.239418386491557195
584	Nova Classics Seven		31	98	266	18	136	462	0.391522045028142585
585	In Bed with Nova: Deuxième Nuit		20	1	6	19	144	463	0.314786585365853688
586	Nova Tunes 1.1_2.0 (2005-2009)		0	0	0	17	65	464	0.354859287054409001
587	Nova Classics Four		0	34	85	17	108	465	0.24255159474671667
588	Nova Classics Three		12	42	88	17	109	466	0.296951219512195108
589	Nova classics Six		38	133	326	16	118	68	0.426348499061913688
590	Rare Grooves Brazil #1 by Nova		18	1	1	15	207	467	0.304924953095684792
591	Nova Classics One		4	98	224	15	155	468	0.279373827392120078
592	Nova Classics Two		0	15	30	15	97	469	0.22583489681050653
593	FutureFunk 4 U		0	0	0	15	106	470	0.360487804878048823
594	Rare Grooves Reggae 04 by Nova		34	1	1	13	103	471	0.363531894934333966
595	Rare Grooves Reggae 02		6	42	97	13	44	472	0.267084896810506567
596	Nova Danse 1930-2020		27	0	0	13	38	473	0.447330718062425359
597	Nova Classics Five		36	10	54	10	89	474	0.385717636022514077
598	Afro-Cuban Grooves Vol. 4		0	0	0	11	43	475	0.322251407129455936
599	Le Son de Paris		0	0	0	10	71	476	0.322326454033771137
601	Afro-Cuban Grooves Vol. 3		17	0	0	10	38	478	0.382756268122121768
602	Afro-Cuban Grooves Vol. 2		12	0	0	9	36	479	0.349957359713457261
603	Afro-Cuban Grooves Vol. 1		1	0	0	9	40	480	0.302319631587924298
604	Underground Moderne		2	2	2	8	84	481	0.233407598499061925
607	B.P. Empire		40	53917	936935	234	1518	114	0.719383208255159445
608	Science Fiction / They Tried to Grab Me		28	206	793	180	3504	482	0.479831144465290793
609	Twisted		24	83531	707032	144	2168	483	0.626571294559099434
610	The Lone Deranger		27	61767	506067	135	1878	483	0.624976547842401531
611	Bible of Dreams		29	111093	958044	107	1091	484	0.648229362101313322
612	Dancing Galaxy		23	24239	291909	96	838	485	0.565044559099437183
613	Trust in Trance		30	68894	431190	94	1034	485	0.623323170731707288
614	Another World		27	50034	445214	85	787	485	0.600105534709193256
615	Transmissions		20	37316	335104	73	655	484	0.55327157598499066
616	Amen		25	53165	457302	67	725	485	0.585178236397748575
617	Goa Classics Remixed		32	115	2131	60	179	485	0.445626172607879956
618	Beyond the Infinite		23	78494	699462	58	565	484	0.587664165103189529
619	Code Eternity		27	47998	375821	55	506	127	0.576688555347091958
620	The Astral Files		20	15604	200320	56	444	485	0.516369606003752368
621	Earth Moving the Sun		19	15298	134200	53	552	486	0.503717166979362085
622	Moment of Truth		26	8641	126120	58	459	486	0.523944652908067576
623	I.F.O. (Identified Flying Object)		15	21487	105291	52	597	487	0.482106003752345247
624	Nemesis		15	734	16253	49	227	488	0.397244371482176395
625	The Mystery of the Yeti / Mystical Experiences		4	26	174	44	355	489	0.314212007504690416
626	Let's Turn On		15	23526	100737	47	417	490	0.474941369606003749
627	Global Underground 004: Oslo		33	19	55	44	268	491	0.420872420262664193
628	Transdimensional		19	2323	48680	51	262	492	0.445825515947467166
629	The Goa Mix		32	47	78	40	402	493	0.423147279549718591
630	Feeling Weird		18	16637	95123	41	282	494	0.472115384615384603
631	Democracy		23	15973	227875	38	306	495	0.513508442776735463
632	Blue Planet		16	3173	41037	32	175	496	0.41240619136960599
633	Dragon Tales		17	10981	42547	33	382	497	0.442436679174484038
634	Time Travel		29	1	0	34	45	498	0.449540035102584279
635	Delta Aquarids		14	27704	111259	29	201	499	0.450527673545966234
636	Alien Protein		16	31979	158837	31	269	500	0.47667682926829269
637	Sonic Ecstasy		24	9091	82700	31	305	501	0.478787523452157582
638	Ten Spins Around The Sun		26	0	0	32	150	130	0.487907214736483019
639	Flames Of Equilibrium		30	135	2192	42	56	502	0.415642589118198902
640	Retroscape		9	142	1569	33	119	503	0.328693714821763627
641	The Scanner		21	145	1394	41	96	497	0.374613039399624759
642	Teleportation		19	15021	78128	27	184	486	0.453189493433395874
643	There Will be No Armageddon		13	16859	70626	24	315	504	0.428119136960600388
644	One Love		13	16805	87137	28	198	501	0.431308630393996251
645	Cosmology		8	19745	146452	26	202	505	0.431988742964352745
646	Scent Of Life		8	100	1599	28	438	506	0.335060975609756118
647	Chaos Laboratory		17	40838	166818	25	159	507	0.47424953095684802
648	Age of Innocence		16	2723	21060	26	2039	508	0.425164165103189495
649	A Blueprint for Survival		15	1464	44260	27	204	496	0.399308161350844293
650	Arcana		11	1660	42632	25	217	488	0.384767823639774853
651	Open Society		4	43	846	23	477	485	0.310342401500938114
652	Pathfinder		14	914	25136	25	166	488	0.377943245778611658
653	Way of Life		27	205	3198	24	61	509	0.387206848030018758
654	I'm in Your Mind Fuzz		44	8371	134056	0	0	510	0.659594064472113217
655	Melbourne, Florida		0	4402	67483	151	410	511	0.509699812382739093
656	Oddments		49	8487	88293	0	0	510	0.6719256353402695
657	Henge Beat		31	7118	115624	116	1025	512	0.572549249530956872
658	Eyes Like The Sky		14	696	11409	0	0	510	0.341037011768719089
660	As If...		7	158	2564	0	0	514	0.27828756609244415
661	Medúlla		38	224747	3636649	594	4973	237	0.783114446529080688
284	The Velvet Underground & Nico		48	78399	425322	6328	98482	223	0.839188555347091913
664	Blood Visions		47	82835	2344198	2276	19366	517	0.861526735459662296
665	Psonic Psunspot		21	5981	63064	1845	13436	518	0.59591932457786112
666	2		45	134784	5510832	1008	8046	519	0.843456848030018747
667	Celebration Rock		54	158106	3139587	847	12369	520	0.869781894934333999
668	Mutilator Defeated at Last		34	3678	81458	808	1799	521	0.612640712945590971
672	Dysnomia		27	13503	227090	1806	12106	525	0.660530018761726123
673	Cosmogramma		61	253890	9160369	1261	20642	526	0.923522514071294598
734	Pretty Things EP		30	1952	23911	65	588	569	0.496810506566604138
738	Musick to Play in the Dark Vol. 1		15	4582	78873	1414	18078	573	0.569054878048780521
752	The Rhythm of the Saints		52	59321	476537	3452	24775	585	0.845719981238273966
768	Destroy Erase Improve		30	99177	1724857	202	1991	599	0.684662288930581675
765	Buena Vista Social Club		60	460832	8578918	505	6147	597	0.887499999999999956
767	Nothing		19	112800	2292667	258	2827	599	0.65580440900562853
749	Caligo		46	4022	109954	362	977	583	0.667553939962476584
750	FABRICLIVE 76		7	0	0	177	604	584	0.473153675592699996
751	Incessant EP		42	746	4710	169	354	582	0.544617729831144426
775	Shape the Random		31	853	14944	126	298	606	0.495590994371482185
670	Say It Loud		0	2658	44544	0	0	523	0.374071294559099432
769	Please Don't Forget Da B		46	797	9916	176	2103	600	0.599941369606003749
770	Ya-Ka-May		45	21445	229984	131	3169	601	0.693585834896810471
772	Out The Speakers		43	3977	10919	71	279	603	0.549812382739212069
771	Lunatic		17	167	415	72	406	602	0.384931988742964359
773	Just Be Free		43	4187	27608	71	314	604	0.566979362101313278
760	Glorious		55	20637	695642	11347	39420	592	0.862886960600375286
691	I Love You		0	7295	36383	0	0	542	0.388217636022514079
745	NOLA		0	95797	4405142	0	0	579	0.865853658536585358
754	Skrillex and Diplo Present Jack Ü		95	119993	886123	1221	3588	587	0.869418386491557227
777	Acquiring the Taste		0	53744	504966	0	0	608	0.687879924953095689
764	Live at the Old Quarter, Houston, Texas		0	8045	185806	0	0	596	0.523377110694183911
746	Hit Vibes		0	7201	325760	1231	6983	580	0.704577861163226959
737	Incursio		21	3936	35376	125	636	572	0.484474671669793633
740	Benjamin Booker		54	32297	350986	285	1201	575	0.750633208255159445
732	You Walk Through Walls		0	752	11846	0	0	567	0.278574108818011257
690	I'm Thankful		9	3321	17772	43	392	540	0.396036585365853677
692	Wind Fish		38	4156	37818	106	750	543	0.568468574108818014
693	I Love You Too (The Remixes)		41	1592	6136	57	261	542	0.520028142589118225
694	Broke City EP		34	252	3118	56	361	544	0.46784709193245777
695	Trippy's Theme		44	3645	11702	45	308	545	0.548569418386491536
696	Mind to Mind: MikeQ & DJ Sliink		19	0	0	38	304	546	0.467064642674398789
697	Yolo Bear EP		0	70	789	35	199	547	0.308255159474671636
698	Directions		8	65	445	35	86	548	0.311878517823639789
699	Cool Sports		18	27	56	25	63	549	0.322467166979362119
700	Wet		44	10	119	23	157	545	0.458419324577861165
701	Bubbles		5	0	0	26	294	550	0.377622377622377658
702	Getting Wood		0	0	0	22	211	551	0.410018761726078818
703	Snowflakes		0	0	0	26	54	552	0.387917448405253329
704	Take U Down		44	7	80	16	100	545	0.443609287054408996
705	I'm Sprung		44	3	11	14	89	545	0.42806050656660416
706	Bugaboo (Hoodboi Remix)		17	0	0	16	85	553	0.401586218659389371
707	NaNa		44	6	42	13	116	545	0.434791275797373367
708	Senorita		44	5	48	15	111	545	0.43861397748592873
709	Tundra Nymph & Ice Chasm		10	106	473	16	110	554	0.301770637898686689
710	As The World Turns Slow Chapter 1		8	1	0	14	80	555	0.313835259940688727
711	Feels So Good		25	1410	5076	12	81	556	0.379479362101313333
712	Get Up On It		44	5	10	13	77	545	0.424929643527204526
713	Full Metal		1	1	0	14	16	557	0.282106760273558077
714	Diplo & Friends Mix		1	2	2	10	124	555	0.234826454033771115
715	Nxwxrk (RL Grime Edit)		18	1	0	14	68	544	0.360860618531743615
716	Give It 2 U (Trippy Turtle Remix)		44	12	77	10	82	558	0.432551594746716728
717	The New Klassiks		39	118	1532	9	71	559	0.427016885553470948
718	Furthest Thing		44	7	69	12	82	545	0.433583489681050649
719	Only Wanna Give It To You		44	3	33	11	91	545	0.427544559099437171
720	212 (DJ Sliink Remix)		0	2	2	11	111	44	0.19956848030018759
722	good kid, m.A.A.d city		67	329401	9552228	2729	27677	560	0.957258442776735441
723	The Chronic		49	346836	4686754	1385	21803	561	0.881648686679174509
724	Control System		65	71053	1825010	1387	16707	562	0.883137898686679135
725	Ænima		45	605972	14551156	2609	42068	563	0.907926829268292712
726	Focus		32	64650	1905990	1757	15898	564	0.764974202626641619
730	Niggaz4life		49	7974	112079	348	3046	566	0.695684803001876184
733	All-Star Breakbeats Volume 1		14	8	66	66	357	568	0.34793621013133208
735	Aus der Tiefe		50	15777	707131	0	0	570	0.774466996418215925
736	Giggles in the Dark (Lesbians on Ecstasy Remixes)		16	2	11	0	0	571	0.261828415486952071
729	Drink the Sea		67	323076	6421289	2077	25593	77	0.945239212007504714
739	Univrs		26	10907	204630	1347	20567	574	0.650023452157598491
741	I Am Not a Human Being		51	94241	1291254	282	9198	2	0.805393996247654842
742	Whales and Leeches		48	10744	340830	1013	11088	576	0.764387898686679224
744	Nine Ways to Say I Love You		11	365	6687	711	7697	578	0.464821763602251414
747	Barbra Streisand		33	157993	887696	181	4799	581	0.698229362101313367
728	17 Deutsche Tänze		36	905	25075	4714	16012	565	0.649777204502814287
753	Visions of the Country		10	3681	102980	2710	19743	586	0.575527673545966234
755	Kiss Me Once		38	25906	1661885	256	1160	588	0.709146341463414598
756	Tyranny		51	4	61	0	0	589	0.516032747740064801
757	Typical System		30	14936	203504	338	1655	512	0.614798311444652912
758	I've Always Been Good at True Love		38	3670	74838	144	257	590	0.572678236397748619
759	Low-Life		49	102993	958373	0	0	591	0.809346750810165494
763	Come On Come On		28	78034	386000	0	0	595	0.611700494627323899
727	The Discovery		38	20354	933721	1550	15947	398	0.76232410881801127
766	Malembe		22	1078	11127	364	12499	598	0.517741557223264537
774	Pirates Choice		37	5378	54350	149	1515	605	0.586397748592870527
748	Split the Atom		43	157786	2869881	431	7881	582	0.801747185741088164
776	Close to the Edge		37	99970	1026393	10619	93983	607	0.808243433395872457
778	Songs for the Deaf		65	1143474	25388725	5644	48124	82	0.974519230769230749
780	Thick as a Brick		33	53318	399394	4364	70431	609	0.752345215759849917
781	Atom Heart Mother		52	235161	3463852	3506	46910	241	0.911937148217636051
731	Group Therapy		50	79156	1700094	0	0	78	0.829865256694524933
854	Nellyville		11	404108	1974051	208	2996	448	0.625738742964352723
824	BBNG		37	24111	815735	521	2711	640	0.707938555347091936
830	Tri-State		2	164462	1835990	0	0	78	0.545113423162203681
825	Atlantis: Hymns for Disco		8	12047	242512	0	0	641	0.447535391437830443
864	Southernplayalisticadillacmuzik		0	168514	1720474	0	0	432	0.822701688555347088
721	To Pimp a Butterfly		0	182618	6470238	0	0	560	0.918011257035647232
743	Luminiferous		0	4454	58112	0	0	577	0.415534709193245755
834	Rival Dealer		0	58676	632400	0	0	648	0.711144465290806771
837	Truant / Rough Sleeper		0	51536	365661	0	0	648	0.652645403377110744
838	Untrue		0	539929	15541922	0	0	648	0.97365853658536583
791	The Mantle		0	132619	4683948	0	0	616	0.882626641651031885
782	All About Booty EP		47	21	186	82	347	610	0.522807223264540322
783	West Coast EP		50	3146	14155	51	203	611	0.572361632270168896
784	You're Nothing		34	49700	1370950	2749	22151	612	0.775785647279549684
785	We Rose from Your Bed with the Sun in Our Head		26	8117	94543	2301	20900	252	0.638531894934333932
786	Nação Zumbi		38	26915	291453	18	119	236	0.571259380863039401
787	Samba Esquema Noise		39	2703	51581	12	105	613	0.499179174484052524
788	Altar		9	401	3581	1942	38683	379	0.498604596622889307
789	Earth 2: Special Low Frequency Version		41	4593	37671	846	8792	614	0.654197936210131337
790	Master of Reality		35	466153	5597259	860	7812	615	0.789880393996247654
792	Foundations of Burden		43	22680	301210	654	2826	617	0.717940900562851758
793	Clean Hands Go Foul		10	9703	84916	558	7926	618	0.530053939962476517
794	Lund Quartet		29	3031	51540	994	7955	530	0.597349906191369628
795	Le diamant est éternel		1	11	245	932	5280	619	0.405311913696060067
796	Ballads		7	38731	449955	174	1258	620	0.541310975609756051
797	The Frank Sinatra Experience: 38 Greatest Hits		39	338	14525	110	1110	621	0.550105534709193211
798	Chet Baker Sings		20	128021	1404780	93	888	622	0.615841932457786179
799	Come Swing With Me!		53	5334	51920	73	484	621	0.634580206378986822
800	G Spot		8	11954	55085	0	0	623	0.391608391608391615
802	Musik		25	32042	219704	797	10025	624	0.638860225140712945
803	FABRICLIVE 60		21	321	9146	376	8179	625	0.498944652908067554
804	Backatown		24	26917	425009	132	1660	626	0.593058161350844326
805	Look Out Mama		30	12413	119686	88	565	627	0.559251876172607854
806	Young Blood Blues		52	2093	49252	51	434	627	0.610260318949343294
807	Lesbo		5	7	407	17	128	628	0.281789399624765458
808	Qui ?		8	43	106	17	148	629	0.288825046904315208
809	Calypso		12	55020	263747	83	766	630	0.524319887429643527
810	Discover America		25	19897	206683	72	777	631	0.554643527204502829
811	Belafonte at Carnegie Hall		43	3685	39125	48	355	630	0.567178705440900544
812	Hot and Sweet		9	248	4413	30	226	632	0.342976078799249517
813	Esso		0	169	1372	20	181	633	0.290487804878048761
814	The Essential Harry Belafonte		29	19733	78947	19	69	630	0.480476078799249529
826	Halcyon		49	240815	7670132	4815	65515	642	0.91680347091932457
827	Born in the Echoes		57	632	5922	2756	3751	178	0.694711538461538436
829	In Silico		63	521055	12376722	2661	28517	644	0.954033771106941875
831	Intense		53	72703	1317611	472	4223	645	0.811327392120075097
832	Distant Earth		34	17281	406485	425	8341	646	0.675762195121951237
833	Sirens of the Sea		21	47085	1388364	256	3597	647	0.641897279549718536
835	200 Press		53	2538	24857	1164	4564	649	0.695942776735459678
836	Wonder Where We Land		67	87595	1626959	1135	4587	650	0.866428236397748575
839	SatuMare - Bristol		11	103	1137	901	6915	651	0.449155722326454065
840	Gulag Orkestar		55	554163	17594121	371	8390	652	0.886679174484052535
841	Trans-Continental Hustle		46	95926	2448469	199	4613	653	0.788015947467166966
842	A Mad & Faithful Telling		29	27743	550845	87	3083	654	0.624214352720450338
843	Heart of Uncle		8	1131	13731	90	1010	655	0.41174953095684802
844	Blue Eyed Black Boy		35	30981	470965	76	1858	656	0.643163696060037537
845	Give		37	7167	100105	71	738	656	0.580933395872420322
846	Killing Is My Business... And Business Is Good!		29	55110	622523	9359	57763	657	0.74692776735459665
847	Killjoy		27	3239	54736	7076	20585	658	0.633302063789868641
848	Völkerball		41	53888	1610458	4115	34274	659	0.828459193245778658
849	St. Vincent		59	176531	4471193	2383	12552	660	0.91241791744840528
850	Massive Addictive		63	16324	754155	3470	22384	661	0.864716228893058214
801	Selected Ambient Works 85-92		52	398614	7863550	1609	32445	68	0.914305816135084437
855	When Life Comes to Death		37	7321	188937	103	502	664	0.601137429643527232
856	Time Will Fuse Its Worth		27	31048	695266	67	1235	665	0.607141181988743006
857	God is War		25	12582	304515	61	767	666	0.555640243902439046
858	Dark Thrones and Black Flags		21	19912	585275	52	812	667	0.561081144465290782
859	Tau Cross		39	1516	24598	51	103	668	0.517190431519699789
860	Human = Garbage		32	15007	324240	44	552	669	0.578283302063789861
861	Passenger		15	1948	28631	41	201	670	0.403060506566604138
862	A Love Supreme		14	97581	1022034	13172	119746	620	0.701618198874296439
865	How Big How Blue How Beautiful		73	3	74	0	0	672	0.578202285519358705
866	The Hands That Thieve		56	20745	690304	1178	13634	673	0.826876172607879933
867	I Don't Like Shit, I Don't Go Outside: An Album by Earl Sweatshirt		72	40260	914678	2563	7907	674	0.87455440900562853
868	Wolf		73	125568	3616370	0	0	676	0.930632781852294033
869	Hail the Apocalypse		43	6284	106778	1159	7068	679	0.698346622889305824
870	Freedom		65	3696	48355	1115	2042	684	0.726289868667917449
871	Silent Shout		46	596941	14019819	833	15271	230	0.87368667917448406
872	In Fine Style		20	26246	188344	124	1992	694	0.556519699812382695
873	The Roots of El-B		16	2558	38978	56	995	699	0.450633208255159456
823	You Forgot It in People		16	675912	15716155	0	0	639	0.674995735971345767
918	Marrow of the Spirit		28	46614	1366847	366	3986	616	0.679842870544090094
919	15 Years (The Album)		23	609	12140	0	0	829	0.397612143953607389
951	Black Messiah		0	82149	1349727	0	0	1135	0.780225140712945575
953	In the Jungle Groove		0	40327	259530	0	0	1278	0.616660412757973786
958	Here, My Dear		0	36550	363470	0	0	1127	0.640412757973733537
962	Thriller		0	949462	7982567	0	0	1353	0.957936210131332122
903	XXYYXX		0	127352	3590125	0	0	784	0.872270168855534656
904	Mirror Maru		0	1536	13801	0	0	788	0.295422138836772985
905	Bipp / Elle		0	3924	50446	0	0	793	0.395797373358348969
945	Year of the Goat		0	7	103	0	0	1115	0.112120075046904313
950	Moondance		0	411863	3974627	0	0	1215	0.905741088180112563
879	Dark Space II		0	8316	77263	0	0	714	0.452682926829268306
874	The Judgement		43	2026	4998	48	761	705	0.541873827392120089
875	Missed Calls EP		5	735	5299	42	742	706	0.364071294559099423
876	Gorgon Sound / Triple 7		4	1783	5401	39	255	694	0.346646341463414664
877	Beach Fossils		53	155711	3670987	279	4956	707	0.837804878048780455
878	Random Memories		24	1263	26439	33	198	708	0.43155487804878051
880	Hadestown		30	7716	437818	867	10949	720	0.668011257035647343
881	Matilda		39	16	1353	808	5033	723	0.570508911819887388
882	The Nightmare Before Christmas		35	76675	1329452	817	24641	724	0.757985459662288918
883	Here Lies Love		38	6191	48866	291	5193	725	0.620977954971857371
884	The Book of Mormon		36	1	2	251	2981	734	0.489317542213883683
885	Wicked: A New Musical		26	17	564	194	2277	737	0.459005628517823672
887	Sound of Silver		65	794302	13085191	1042	16034	748	0.930863039399624781
888	Legend		37	813123	12174103	0	0	749	0.813576667235203832
889	Catch a Fire		43	81034	1230683	0	0	749	0.773187787821934203
890	Starfire		44	5225	35048	781	1572	750	0.650316604127579745
891	Meshes of Voice		37	38	917	318	1211	751	0.5233348968105066
892	Filosofem		41	135673	2821196	312	3419	752	0.774917917448405213
893	Fear of the Dark		46	429248	8270379	1869	24977	753	0.893421669793621032
895	A Matter of Life and Death		53	227846	6039346	955	10899	753	0.883900093808630438
896	The Number of the Beast		53	723874	10801577	772	7715	753	0.886339118198874343
897	Blessed		7	9281	20551	0	0	755	0.356080504860992686
898	Blooming Summer		39	38402	468419	556	16753	756	0.737195121951219501
899	The Birth of a Legend		47	1348	30253	0	0	749	0.605440900562851825
900	Unorthodox Jukebox		87	489671	9023355	1226	12484	765	0.943327861163226977
901	Crazy for You		34	289585	11162122	485	7772	769	0.779666979362101276
902	whysowhite		22	786	10564	972	11055	777	0.533794559099437183
906	Little Shop of Horrors		19	76	1375	29	210	796	0.364751407129455918
907	A Chorus Line		11	0	0	26	163	797	0.393689237591676622
908	Coming Home		24	172	3248	21	97	806	0.372877579737335818
909	Biokinetics		23	21556	182754	226	2144	811	0.577310037523452113
910	Japanese Disco Edits		0	234	5112	39	81	813	0.327579737335834842
911	Chant Byzantin - Passion Et Resurrection		13	12	242	18	107	815	0.3023921200750469
912	Weihnachts-Oratorium, BWV 248		14	10	190	603	8116	818	0.435483114446529096
913	Wenu Wenu		11	18488	125697	21	245	820	0.43265712945590995
915	I'm Still in the Night		28	7836	81901	105	1797	388	0.549484052532833056
916	Mobile Orchestra		67	711	8593	476	673	822	0.660295497185741098
949	Gaucho		0	60562	643070	0	0	1164	0.713545966228893103
822	Trilogy		78	220420	5983663	621	7854	638	0.904291744840525324
894	Trilogy		78	220420	5983663	621	7854	754	0.904291744840525324
920	Vital		35	28302	900275	225	2547	830	0.684920262664165058
921	Awake		59	262615	7498106	176	2931	834	0.850515947467166966
922	In And Out Of Love		53	36353	228581	31	479	645	0.673733583489681043
923	Rescue & Restore		32	25653	1045206	174	1267	838	0.659650562851782363
924	Secret Dreams		46	1260	28756	366	3996	861	0.640595684803001886
925	Dunes		8	17938	224149	0	0	889	0.451884700665188488
926	New Surrender		39	164168	5158282	159	4150	830	0.763825046904315186
927	Spiderwebbed		46	22946	332368	0	0	894	0.724117346068565593
928	PARTYNEXTDOOR TWO		77	28849	683065	221	1043	935	0.795192307692307754
929	Dissolver		38	97	1680	115	627	894	0.507668855534709196
930	Rise		62	32128	877670	0	0	834	0.837369947126044734
931	On Blue Fog		4	1380	19207	0	0	957	0.314753539143783068
932	Breaking Atoms		37	69511	489828	176	2202	963	0.682774390243902407
933	Ungirthed		50	3373	38772	0	0	387	0.637608732730683969
934	Troubadour		39	154277	2086289	116	5166	899	0.7438555347091933
935	From The Earth		16	1051	7367	9	125	48	0.343808630393996228
936	Now And Then		1	382	5635	9	95	1014	0.285248592870544104
937	The End Is Where We Begin		55	50372	1783489	171	1564	1016	0.789411350844277715
938	Satellite		66	845068	8096466	163	2025	1021	0.865877110694183827
939	The Beautiful Letdown		64	368423	4756280	0	0	930	0.928040252430496371
940	Halo LP		40	6355	228300	0	0	1036	0.647023707999317743
941	Across the Ocean		26	19	211	0	0	1039	0.349019273409517328
942	PARTYNEXTDOOR		75	29950	1014036	112	779	935	0.787136491557223317
943	So Far Gone		54	883443	7277076	111	1267	23	0.829948405253283283
944	Trashed		34	96450	923996	6694	26008	1089	0.783689024390243905
946	Fair Enough		0	124	1099	0	0	1120	0.174484052532833028
947	Americana		0	1489088	21902405	2494	44699	1105	0.976923076923076783
828	Pure Heroine		76	567106	19749778	3076	18923	643	0.974613039399624737
952	Rose of Jericho		28	8985	20110	3077	10714	1276	0.613227016885553478
955	The Complete Blind Willie Johnson		42	28703	158815	2315	16488	1315	0.750551125703564748
956	Beyoncé		90	306021	14799646	2043	15059	1324	0.959357410881801154
957	The 20/20 Experience		71	240359	6155576	1946	24154	1345	0.944875703564727942
959	Nothing Was the Same		67	286270	9037618	1684	14564	23	0.936749530956848098
960	Overgrown		66	244708	5436957	1697	18325	649	0.929409005628517804
961	Éthiopiques 4: Ethio Jazz & Musique Instrumentale 1969-1974		0	302	8083	1680	13511	1404	0.570863039399624683
963	21		57	1279234	47968843	1723	39817	1434	0.947174015009380921
964	The Beyond / Where the Giants Roam		58	7510	66843	1539	3503	869	0.743773452157598491
965	channel ORANGE		18	492075	16561225	1560	23724	1402	0.759779549718574088
966	Uptown Special		91	207490	1601645	1557	4752	1488	0.895415103189493466
948	What's Going On		0	397269	3135418	0	0	1127	0.887429643527204548
967	In the Lonely Hour		86	105792	1867864	1419	6762	1366	0.894465290806754187
968	G I R L		1	26688	626949	1402	7962	1351	0.591146810506566589
969	Take Care		54	461963	11816625	1346	27070	23	0.920544090056285236
970	BUSH		74	27905	342307	1416	3306	1504	0.822678236397748619
971	Burning Like The Midnight Sun		22	716	12993	4	52	1531	0.367682926829268286
247	Leylines		31	30789	530938	111	812	130	0.627990150093808652
286	Gizmodgery		32	16243	168295	4863	15942	225	0.698428705440900521
815	Swingueira		11	1	0	921	7222	634	0.516643466682805808
816	Saudade		57	42215	686898	634	2772	162	0.80327157598499066
817	Getz/Gilberto		58	18976	88879	526	4106	635	0.738004221388367743
819	Jazz Samba		10	6757	24347	241	1556	636	0.465795028142589107
821	Midnight Blue		1	89884	540099	200	1565	637	0.543257504690431547
820	Francis Albert Sinatra & Antonio Carlos Jobim		40	853	8934	193	1709	144	0.568796904315197027
972	Elis & Tom		26	10498	38308	175	1543	144	0.531566604127579723
973	Clube da Esquina		16	3164	46881	1541	11374	1619	0.553377110694183827
974	Got to Find a Way		22	4257	22927	64	561	1137	0.464821763602251414
761	Free the Universe		48	144122	2403904	1046	9174	593	0.844277673545966278
762	Rage Valley		68	17825	266394	571	6972	594	0.791756566604127632
975	Money Sucks, Friends Rule		65	39784	336616	441	1692	1629	0.781754221388367698
976	Going Places		22	10783	160782	6479	25681	1681	0.652849437148217637
977	The Lamb Lies Down on Broadway		0	121917	1898892	0	0	1693	0.825590994371482201
26	It's Artificial		0	8336	158620	0	0	48	0.511707317073170742
978	Late Night Tales		0	102	3009	0	0	29	0.193996247654784237
979	Ready for the Weekend		0	335923	6619953	0	0	61	0.931031894934333915
289	Synthesizing - Ten Ragas to a Disco Beat		0	4977	29511	0	0	227	0.365741088180112583
277	Route One or Die		0	11764	197296	0	0	218	0.541275797373358403
779	The Endless River		0	101156	3524954	0	0	241	0.862101313320825513
851	Gods and Devils		0	1796	16854	0	0	662	0.310168855534709187
852	Old Stories		0	17211	221292	0	0	663	0.568405253283302048
853	Yanqui U.X.O.		0	172618	2068013	0	0	396	0.84322701688555346
981	Red Forest		0	38554	1109517	0	0	418	0.740187617260787967
982	Lotus		0	10166	108752	0	0	1837	0.487504690431519727
983	Art of Motion		0	193945	3512736	0	0	1862	0.882176360225140677
984	ElectriGuitartistry		0	2631	53235	0	0	1888	0.389080675422138811
985	The Extremist		0	109095	1386094	0	0	1890	0.794634146341463454
986	Machinic Phylum		0	6301	90684	0	0	855	0.455909943714821742
987	Music for the Jilted Generation		0	439170	5284461	0	0	1046	0.920300187617260734
988	Fool's Gold		0	3018	47692	0	0	1957	0.382363977485928708
989	Experience		0	282198	3179811	0	0	1046	0.882776735459662287
990	Where Were U in '92?		0	62521	1079151	0	0	1969	0.754859287054408967
991	Always Outnumbered, Never Outgunned		0	254611	2920293	0	0	1046	0.875121951219512195
992	The Orb's Adventures Beyond the Ultraworld		0	85088	402471	0	0	1991	0.679962476547842365
993	Galaxy Garden		0	33675	666159	0	0	2017	0.697223264540337673
994	We Are the Night		0	407152	5358712	0	0	178	0.919549718574108832
995	Push the Button		0	598922	6042146	0	0	178	0.938348968105065628
996	Body Riddle		0	118100	1501904	0	0	2021	0.801313320825515985
997	Soul Music		0	7820	119435	0	0	2070	0.487879924953095678
600	Prison Dorée		0	2510	34729	0	0	477	0.353733583489681036
998	The Dresden Dolls		0	225466	5731718	0	0	2076	0.912345215759849948
276	Felt Mountain		0	411847	4501982	0	0	217	0.908180112570356468
863	Force Back to Sleep		0	458	10385	0	0	671	0.261125703564727973
285	Honeycomb Eyes		0	244	3344	0	0	224	0.209380863039399623
288	Black Sands		0	450818	16762538	0	0	226	0.972157598499061915
291	Since I Left You		0	410662	9265835	0	0	229	0.951144465290806762
290	Lost Horizons		0	197695	2003373	0	0	228	0.845290806754221413
999	Deadringer		0	361615	4865677	0	0	2156	0.909643527204502811
954	LP1		0	174891	5008864	0	0	1245	0.896172607879924921
675	Tetra		0	177172	3201382	0	0	529	0.873733583489680998
1000	Third		0	750982	15638572	0	0	2115	0.978536585365853639
671	Soon It Will Be Cold Enough		0	86154	4726037	0	0	524	0.8673170731707317
1001	The North Borders		0	203602	6414449	0	0	226	0.919024390243902478
1002	Demon Days		0	1906119	44517079	0	0	2250	0.997448405253283266
17	TRUE		0	430489	8116148	0	0	39	0.948405253283302052
322	Herzensangelegenheit		0	22152	169144	0	0	256	0.554859287054409012
25	> Album Title Goes Here <		0	135775	2192922	0	0	47	0.841651031894934287
27	while(1<2)		0	46395	882727	0	0	47	0.7286679174484052
30	4x4=12		0	383641	5293695	0	0	47	0.917035647279549671
886	Worlds		0	56842	1236515	0	0	747	0.758724202626641642
34	For Lack of a Better Name		0	398870	6738970	0	0	47	0.935909943714821724
1003	Nothing But the Beat		0	540497	10342493	0	0	2303	0.961763602251407113
37	Scary Monsters and Nice Sprites		0	336267	7206849	0	0	55	0.933320825515947416
50	True Colors		0	44885	514454	0	0	64	0.68371482176360221
48	Random Album Title		0	138260	3148677	0	0	47	0.864878048780487796
1004	More Monsters and Sprites		0	75413	1345624	0	0	55	0.774934333958724242
49	I Love You, Man		0	28096	500318	0	0	63	0.663151969981238265
1005	Clarity		0	273532	4649497	0	0	64	0.899812382739212047
1006	Dubnobasswithmyheadman		0	167881	1258220	0	0	1936	0.79947467166979358
1007	Alternative Light Source		0	4827	54155	0	0	2371	0.408180112570356468
1008	Savane		0	45969	485171	0	0	453	0.678424015009380876
1009	Feinste Seide		0	415	4072	0	0	2394	0.222401500938086305
55	jj n° 2		0	69997	2254911	0	0	69	0.817298311444652925
56	V		0	17677	208523	0	0	69	0.564052532833020592
57	Taragana Pyjarama		0	3276	38902	0	0	70	0.371219512195121948
1010	It's the Arps EP		0	754	8366	0	0	35	0.261275797373358376
1011	High Summer		0	6735	99247	0	0	69	0.464915572232645402
1012	No Way Down		0	115950	2117290	0	0	330	0.831594746716697975
1013	Atomos VII		0	5665	37235	0	0	2452	0.382251407129455933
1014	L'Aventura		0	12811	151399	0	0	2271	0.524277673545966216
1015	Apar		0	36303	263186	0	0	2420	0.612345215759849903
1016	Clouds		0	732	17250	0	0	2481	0.296172607879924943
1017	jj nº 3		0	20973	270956	0	0	69	0.595309568480300144
186	Spirit Of La Selva		30	5	85	38	510	128	0.410283771106941864
156	Spontaneous Illumination		24	63983	464956	76	816	133	0.587113039399624781
165	...And So It Goes		32	148	6532	44	611	138	0.46633442776735462
1020	Double Cup		0	30628	704941	0	0	2489	0.700863039399624799
1021	Vapor City		0	40815	679154	0	0	2513	0.707016885553470975
1022	Room(s)		0	20653	502651	0	0	2513	0.650168855534709156
1023	Vapor City Archives		0	8428	111082	0	0	2513	0.484390243902439011
1024	Severant		0	30546	815493	0	0	1985	0.70803001876172611
1025	Complete Organ Works		0	4	131	0	0	2547	0.10930581613508443
1026	Symphonies Nos. 35, 39, 40		0	0	0	0	0	2550	0
1027	Recomposed by Max Richter: Vivaldi - The Four Seasons		0	6	550	0	0	2556	0.139061913696060052
1028	New Eyes		0	191952	1803521	0	0	2557	0.830318949343339607
1029	A Charlie Brown Christmas		0	220586	2138088	0	0	2562	0.852382739212007468
1030	The 6 Cello Suites		0	331	6297	0	0	2566	0.237073170731707306
1031	1000 Airplanes on the Roof		0	1	90	0	0	2575	0.0947467166979362174
1032	Bruckner: The Symphonies		0	93	251	0	0	2596	0.144465290806754215
1033	Hush		0	1697	18249	0	0	2606	0.315347091932457801
1035	Gliss Riffer		0	19491	254582	0	0	2622	0.583001876172607902
1036	A Portrait of Kaija Saariaho		0	5	7	0	0	2642	0.071707317073170726
1037	Blood		0	2	25	0	0	2643	0.0789118198874296378
914	Tchaikovsky: Piano Concerto no. 1 & Scriabin 4 Pieces & Etude in C		0	20	165	0	0	821	0.124765478424015003
13	ƒIN		0	28767	1294571	0	0	36	0.73808630393996244
1038	Mecca and the Soul Brother		0	14	77	0	0	2689	0.109831144465290811
1039	Mountaineers are Always Free!		0	144	3616	0	0	2696	0.205253283302063799
917	▲		0	14924	152931	0	0	823	0.528630393996247672
1040	The Lion King		0	97040	396142	0	0	2699	0.684127579737335845
3	Random Access Memories		0	780696	28572821	0	0	28	0.991219512195121943
1041	Blood Sugar Sex Magik		0	1181400	18571422	0	0	2761	0.988968105065666014
1042	Sound & Color		0	57099	1002509	0	0	2786	0.746829268292682924
1043	The Parade		0	4229	90858	0	0	2810	0.444765478424015037
1044	Street Bangerz Vol. 3		0	15287	527995	0	0	2133	0.639624765478424062
1045	The Glorious Dead		0	62570	875065	0	0	2829	0.737823639774859319
1046	Phenix 1		0	1294	7645	0	0	1390	0.265403377110694172
1047	Mega City Industry		0	2380	18051	0	0	2526	0.321876172607879929
1048	Patterns		0	4706	27994	0	0	2905	0.360375234521575993
1049	1992		0	1478	39629	0	0	449	0.35354596622889306
1050	Leviathan		0	368569	7514274	0	0	244	0.939212007504690471
1051	Blood Mountain		0	199701	7698322	0	0	244	0.928217636022514059
1052	Restarter		0	2995	73728	0	0	2916	0.417636022514071281
1053	The Ape of God		0	2329	46404	0	0	2988	0.37309568480300187
1054	Pink		0	106979	2244778	0	0	379	0.834221388367729855
1055	Remission		0	181390	3351948	0	0	244	0.877898686679174478
1056	Burial		0	273385	6290935	0	0	648	0.923864915572232603
1057	Kindred		0	68465	633064	0	0	648	0.716547842401500934
1058	Street Halo		0	65081	576643	0	0	648	0.706979362101313291
1059	South London Boroughs		0	29856	203960	0	0	648	0.585253283302063831
1060	Ghost Hardware		0	19041	164474	0	0	648	0.545328330206378942
1061	Distant Lights		0	0	0	0	0	648	0
1062	Psychic		0	127195	2765072	0	0	3052	0.853771106941838664
1063	Finest Hour		0	22209	561980	0	0	1195	0.663864915572232595
1064	The Richest Man in Babylon		0	624506	8060656	0	0	162	0.954671669793621058
133	Bass, Sweat & Tears		0	23522	160832	0	0	118	0.553020637898686718
1065	Dead 2 Me / Break		0	0	0	0	0	1399	0
1066	Engravings		0	42405	1177510	0	0	3108	0.747091932457786156
1067	Theory of Harmony		0	6738	214717	0	0	3117	0.532045028142589138
1068	Reincarnated		0	18100	369612	0	0	1504	0.611031894934333963
1069	The Princess		0	43248	2419434	0	0	2226	0.808142589118198917
1070	Protection		0	408145	7262692	0	0	1313	0.938724202626641691
1071	Symphonicities		0	53819	835898	0	0	2687	0.730018761726078824
1072	Lives in the Balance		0	5700	50337	0	0	3180	0.406153846153846143
1073	Twin Fantasy		0	5740	200043	0	0	3226	0.521238273921200701
1074	Carrie & Lowell		0	106132	3571654	0	0	2565	0.865028142589118199
1076	Songs from the Capeman		0	56000	220492	0	0	585	0.615009380863039357
1077	The Last of Us		0	50208	1157682	0	0	3317	0.750619136960600342
1078	One Year		0	19757	150898	0	0	3322	0.539474671669793571
1079	Sabotage Part II		0	271	4469	0	0	3368	0.219887429643527199
1080	Friends on Mushrooms		0	3791	96426	0	0	114	0.446604127579737331
1081	Legend of the Black Shawarma		0	122462	3153848	0	0	114	0.860300187617260792
1082	Mir		0	24778	521301	0	0	129	0.660750469043151933
1083	IM the Supervisor		0	157464	2450109	0	0	114	0.856285178236397715
1084	The Lost Planet		0	2949	44241	0	0	3331	0.374296435272045036
1085	Vicious Delicious		0	293532	7273799	0	0	114	0.93204502814258916
1086	No God But the Wild		0	221	2688	0	0	3397	0.201726078799249531
1087	Si Monumentum Requires, Circumspice		0	14400	578152	0	0	3422	0.646716697936210116
1088	Darkside		0	6024	119925	0	0	3469	0.481088180112570374
1089	Kvelertak		0	91302	3656108	0	0	3489	0.860900562851782403
1090	An Epiphanic Vomiting of Blood		0	5502	54216	0	0	3511	0.412532833020637923
1091	Sic Transit Gloria Mundi		0	489	7099	0	0	3569	0.24529080675422138
1092	The Ark Work		0	7147	126777	0	0	383	0.49159474671669795
1093	The Serpent & the Sphere		0	22588	607689	0	0	616	0.670731707317073211
1094	The Satanist		0	49994	2060604	0	0	3582	0.797110694183864932
1095	HOUTi KUSH		0	5	44	0	0	349	0.0906191369606003799
1096	Loveless		0	583654	17803322	0	0	84	0.979699812382739177
1097	Oshin		0	179749	5730044	0	0	712	0.906679174484052552
1099	m b v		0	63110	2433870	0	0	84	0.821425891181988721
1100	Passive Aggressive: Singles 2002–2010		0	57	1936	0	0	3689	0.181575984990619138
1101	Catch the Breeze		0	23687	270571	0	0	447	0.60015009380863038
1102	Escape from Evil		0	26281	429722	0	0	3787	0.641651031894934332
1103	Everything Could Be Fine		0	24278	480614	0	0	824	0.653058161350844268
1104	Cerulean		0	230196	5536004	0	0	1081	0.910431519699812397
140	Nothing Lasts... But Nothing is Lost		0	167372	2403066	0	0	117	0.854596622889305824
336	Renaissance: The Masters Series - Life		37	294	3038	282	3571	268	0.546329737335834897
367	Boss of All Bosses		37	29024	445703	45	453	288	0.620977954971857371
386	Damn It Feels Good To Be A Gangsta		35	78	617	16	67	302	0.405945121951219512
396	Come with Me to Hell Part 2		32	3	36	14	151	309	0.371142120075046933
433	Lord Huron and Friends		67	397	2563	37	588	332	0.585248592870544093
455	Moombahton Massive EP 1		11	0	0	21	504	358	0.407248848712263356
483	Cloud Nothings		40	57553	1133887	278	4547	364	0.739774859287054443
531	Above the Earth, Below the Sky		42	63194	2564271	1160	8057	418	0.806027204502814287
550	Sir Lucious Left Foot: The Son of Chico Dusty		49	49654	2211495	529	15183	433	0.823299718574108885
513	Holy Ground: NYC Live with The Wordless Music Orchestra 		0	2796	58830	0	0	402	0.403076923076923055
659	Ondatrópica		38	7034	102255	95	963	513	0.600117260787992546
818	The Mirror Conspiracy		46	361019	5391028	324	3726	162	0.820848968105065691
980	And So I Watch You from Afar		0	89126	2280340	0	0	408	0.827692307692307727
503	The Failure of Shortwave Radio		0	2307	18139	0	0	393	0.320975609756097569
11	It's Album Time		0	96865	1922733	0	0	35	0.818949343339587243
1018	Spiral		0	20340	76872	0	0	35	0.482964352720450296
1019	Dark Energy		0	8126	98598	0	0	2485	0.471069418386491578
1034	Schumann: Klavierkonzert • Waldszenen • Toccata • Introduction & Allegro Appassionato		0	0	0	0	0	2610	0
1075	Astral Weeks		0	293075	2943945	0	0	1215	0.878424015009380832
1098	Carnavas		0	455002	9736825	0	0	3731	0.95553470919324579
\.


