1	2	0.5
81	106	0.5
2	39	0.5
3	199	0.0200000000000000004
3	200	0.0100000000000000002
3	94	0.5
3	201	0.0200000000000000004
3	47	0.0200000000000000004
3	161	0.0100000000000000002
3	72	0.5
3	65	0.110000000000000001
3	21	0.560000000000000053
3	52	0.0100000000000000002
3	29	0.0800000000000000017
3	71	0.0100000000000000002
3	70	0.0400000000000000008
3	202	0.0100000000000000002
3	204	0.0400000000000000008
3	205	0.0100000000000000002
3	22	0.0200000000000000004
3	42	0.0100000000000000002
3	106	0.0400000000000000008
3	84	0.580000000000000071
3	206	0.0500000000000000028
3	34	0.0200000000000000004
3	207	0.0500000000000000028
3	208	0.0100000000000000002
3	54	0.0599999999999999978
4	68	0.0299999999999999989
4	209	0.0299999999999999989
4	30	0.5
4	70	0.0299999999999999989
4	108	0.130000000000000004
4	2	0.369999999999999996
4	20	0.0299999999999999989
4	210	0.0599999999999999978
4	103	0.0599999999999999978
4	4	0.57999999999999996
4	211	0.0299999999999999989
4	212	0.0599999999999999978
4	88	0.0299999999999999989
4	213	0.270000000000000018
4	3	0.265000000000000013
4	54	0.33500000000000002
4	214	0.0299999999999999989
4	1	1
81	232	0.75
5	88	0.5
5	2	0.5
5	108	0.5
5	1	0.5
5	3	0.5
5	54	0.5
5	11	0.5
1	3	0.719999999999999973
18	3	0.5
3	18	0.75
3	1	0.75
1	1	0.5
7	3	0.349999999999999978
7	39	0.349999999999999978
7	1	0.75
7	54	0.299999999999999989
8	37	0.489999999999999991
8	3	0.520000000000000018
8	65	0.5
8	1	0.395000000000000018
9	3	0.619999999999999996
9	70	0.469999999999999973
9	84	0.265000000000000013
9	207	0.309999999999999998
9	65	0.540000000000000036
9	54	0.299999999999999989
9	1	0.75
10	3	0.5
10	20	0.325000000000000011
10	2	0.325000000000000011
10	65	0.5
10	219	0.5
10	18	0.5
10	1	0.364999999999999991
11	84	0.280000000000000027
11	104	0.5
11	220	0.5
11	221	0.315000000000000002
11	3	0.349999999999999978
11	1	0.415000000000000036
11	72	0.315000000000000002
12	3	0.614999999999999991
12	65	0.469999999999999973
12	54	0.325000000000000011
12	1	0.75
13	3	0.520000000000000018
13	4	0.5
13	222	0.385000000000000009
13	193	0.294999999999999984
13	72	0.5
13	223	0.75
13	1	0.294999999999999984
14	3	0.5
14	108	0.5
14	1	0.5
15	3	0.679999999999999938
15	65	0.309999999999999998
15	1	0.75
15	54	0.349999999999999978
16	3	0.5
16	108	0.5
16	152	0.5
16	54	0.75
16	1	0.650000000000000022
17	3	0.560000000000000053
17	65	0.375
17	114	0.5
17	1	0.625
17	94	0.464999999999999969
18	108	0.5
18	54	0.75
18	88	0.75
19	61	0.5
19	3	0.75
19	54	0.5
19	11	0.75
19	1	0.5
21	4	0.265000000000000013
21	224	0.5
21	2	0.280000000000000027
21	54	0.5
21	14	0.5
55	39	0.5
55	104	0.5
55	71	0.5
55	1	0.315000000000000002
56	68	0.5
56	104	0.5
57	68	0.5
57	220	0.5
57	1	0.5
57	104	0.5
57	3	0.5
79	228	0.5
80	229	0.5
80	89	0.5
80	230	0.5
81	1	0.5
81	231	0.5
82	233	0.5
82	89	0.5
84	232	0.5
84	43	0.5
92	86	0.5
92	34	0.5
92	98	0.5
98	234	0.5
98	1	0.5
98	235	0.5
98	219	0.5
98	220	0.5
98	236	0.5
98	181	0.5
99	235	0.5
99	237	0.5
99	110	0.5
99	1	0.560000000000000053
99	236	0.309999999999999998
99	181	0.405000000000000027
4	52	0.5
21	3	0.560000000000000053
3	3	0.469999999999999973
99	219	0.5
100	65	0.5
100	1	0.5
100	236	0.75
100	181	0.5
100	219	0.5
102	72	0.5
102	3	0.5
102	1	0.5
102	236	0.5
102	238	0.5
102	114	0.5
102	84	0.5
103	239	0.5
103	240	0.5
103	1	0.75
103	236	0.5
103	2	0.5
103	68	0.5
103	241	0.5
103	219	0.5
104	236	0.75
104	242	0.5
104	1	0.5
105	237	0.5
105	220	0.5
105	1	0.550000000000000044
105	236	0.450000000000000011
105	18	0.349999999999999978
105	234	0.5
107	236	0.5
107	18	0.349999999999999978
107	1	0.550000000000000044
108	236	0.75
108	220	0.5
108	1	0.5
109	237	0.5
109	1	0.75
109	236	0.5
110	236	0.5
110	243	0.5
110	1	0.5
112	236	0.5
112	244	0.5
112	219	0.5
112	1	0.5
113	236	0.5
113	1	0.5
114	236	0.5
114	1	0.5
115	236	0.375
115	220	0.5
115	68	0.5
115	115	0.5
116	65	0.5
116	236	0.5
116	4	0.5
116	1	0.5
116	54	0.5
117	71	0.5
117	96	0.5
117	236	0.5
117	84	0.5
117	244	0.5
118	236	0.5
118	220	0.5
118	1	0.5
118	242	0.5
119	236	0.75
119	1	0.5
120	236	0.75
120	220	0.5
120	219	0.5
120	1	0.75
121	236	0.5
121	234	0.5
121	1	0.5
122	72	0.5
122	239	0.5
122	1	0.5
122	236	0.5
122	18	0.5
122	220	0.5
122	245	0.5
122	181	0.5
122	84	0.5
123	1	0.5
123	236	0.5
123	234	0.5
124	236	0.5
124	1	0.5
125	72	0.5
125	1	0.5
125	236	0.5
125	237	0.5
125	220	0.5
125	103	0.5
125	234	0.5
126	53	0.5
126	154	0.75
127	34	0.5
127	154	0.5
127	113	0.5
127	97	0.5
129	73	0.640000000000000013
129	114	0.459999999999999964
129	96	0.390000000000000013
129	58	0.285000000000000031
129	1	0.75
130	73	0.5
130	54	0.5
130	58	0.5
130	96	0.5
130	20	0.5
131	110	0.375
131	109	0.375
131	58	0.625
131	1	0.5
133	20	0.580000000000000071
133	246	0.5
133	2	0.5
133	247	0.5
133	99	0.75
133	89	0.5
133	110	0.5
133	1	0.415000000000000036
132	20	0.75
132	246	0.415000000000000036
132	2	0.5
132	58	0.580000000000000071
132	247	0.5
132	110	0.580000000000000071
132	1	0.75
134	20	0.5
134	83	0.5
134	246	0.5
134	1	0.5
135	20	0.5
135	83	0.5
135	246	0.5
135	2	0.5
135	99	0.5
135	1	0.5
135	248	0.5
136	20	0.415000000000000036
136	110	0.75
136	246	0.285000000000000031
136	1	0.349999999999999978
136	52	0.285000000000000031
136	2	0.479999999999999982
137	248	0.375
137	54	0.5
137	4	0.5
137	20	0.375
137	109	0.5
137	1	0.75
137	2	0.5
138	248	0.429999999999999993
138	89	0.275000000000000022
138	246	0.325000000000000011
138	1	0.364999999999999991
138	247	0.5
138	2	0.354999999999999982
138	110	0.75
139	52	0.270000000000000018
139	58	0.580000000000000071
139	20	0.5
139	110	0.415000000000000036
139	248	0.344999999999999973
139	1	0.390000000000000013
139	247	0.604999999999999982
139	2	0.75
140	246	0.354999999999999982
140	58	0.604999999999999982
140	20	0.260000000000000009
140	110	0.75
140	248	0.339999999999999969
140	1	0.53499999999999992
140	247	0.5
140	2	0.469999999999999973
141	248	0.275000000000000022
141	1	0.364999999999999991
141	20	0.540000000000000036
141	246	0.395000000000000018
141	2	0.75
142	248	0.5
142	1	0.5
142	2	0.75
143	246	0.650000000000000022
143	70	0.5
143	20	0.349999999999999978
143	30	0.5
143	248	0.5
143	73	0.75
143	110	0.5
143	1	0.550000000000000044
143	247	0.349999999999999978
143	2	0.5
144	248	0.5
144	58	0.5
144	1	0.5
144	20	0.5
144	249	0.5
144	2	0.5
145	248	0.5
145	246	0.5
145	2	0.5
146	248	0.330000000000000016
146	246	0.415000000000000036
146	110	0.5
146	2	0.580000000000000071
148	248	0.5
148	1	0.429999999999999993
148	20	0.385000000000000009
148	110	0.5
148	2	0.75
149	246	0.5
149	79	0.5
149	250	0.5
149	20	0.5
149	247	0.5
149	248	0.5
149	110	0.5
149	2	0.5
150	248	0.580000000000000071
150	246	0.635000000000000009
150	110	0.359999999999999987
150	2	0.75
150	247	0.635000000000000009
151	99	0.5
151	248	0.5
151	1	0.75
151	20	0.75
151	247	0.5
152	248	0.5
152	1	0.604999999999999982
152	52	0.53499999999999992
152	246	0.53499999999999992
152	2	0.75
153	248	0.75
153	1	0.375
153	246	0.5
153	2	0.375
154	99	0.5
154	246	0.5
154	20	0.5
154	248	0.5
154	83	0.5
154	1	0.5
154	247	0.75
154	2	0.5
155	248	0.5
155	1	0.75
155	2	0.5
155	246	0.75
156	248	0.510000000000000009
156	83	0.395000000000000018
156	246	0.75
156	247	0.33500000000000002
156	2	0.689999999999999947
156	110	0.510000000000000009
157	248	0.390000000000000013
157	246	0.604999999999999982
157	58	0.5
157	247	0.5
157	2	0.75
157	110	0.320000000000000007
158	248	0.5
158	1	0.415000000000000036
158	52	0.415000000000000036
158	246	0.415000000000000036
158	2	0.75
159	52	0.5
159	246	0.5
159	17	0.5
159	20	0.5
159	247	0.5
159	248	0.5
159	1	0.5
159	110	0.5
159	2	0.5
160	99	0.320000000000000007
160	248	0.53499999999999992
160	246	0.75
160	1	0.5
160	20	0.5
160	110	0.5
160	2	0.390000000000000013
161	248	0.5
161	52	0.5
161	246	0.5
161	251	0.5
161	20	0.5
161	2	0.5
162	99	0.5
162	248	0.5
162	1	0.5
162	20	0.5
162	246	0.5
163	248	0.5
163	52	0.5
163	246	0.5
163	1	0.5
163	247	0.5
163	2	0.5
164	248	0.5
164	20	0.5
164	110	0.5
164	2	0.5
165	99	0.5
165	252	0.5
165	52	0.5
165	246	0.5
165	20	0.5
165	248	0.5
165	110	0.5
165	2	0.5
166	248	0.5
166	109	0.5
166	54	0.5
166	58	0.5
166	20	0.5
166	110	0.5
166	2	0.5
169	78	0.5
169	106	0.550000000000000044
169	252	0.280000000000000027
169	253	0.75
169	254	0.315000000000000002
170	255	0.28999999999999998
170	227	0.75
170	256	0.580000000000000071
170	106	0.625
170	252	0.5
171	1	0.5
171	4	0.5
171	246	0.330000000000000016
171	30	0.5
171	20	0.75
171	17	0.5
171	257	0.5
171	252	0.5
172	65	0.5
172	1	0.625
172	79	0.5
172	252	0.5
172	109	0.75
173	34	0.5
173	89	0.5
173	252	0.309999999999999998
173	2	0.560000000000000053
175	110	0.5
175	24	0.75
175	89	0.5
175	252	0.5
177	34	0.5
177	89	0.5
177	252	0.294999999999999984
177	8	0.5
177	71	0.294999999999999984
179	1	0.5
179	5	0.415000000000000036
179	252	0.5
179	89	0.5
180	1	0.5
180	5	0.5
180	17	0.5
180	20	0.5
180	257	0.5
180	89	0.5
180	252	0.5
182	106	0.5
182	252	0.5
182	258	0.5
183	65	0.5
183	1	0.5
183	89	0.450000000000000011
183	252	0.5
183	259	0.75
184	21	0.5
184	89	0.5
184	260	0.75
184	106	0.75
184	252	0.5
184	175	0.5
185	252	0.5
185	256	0.5
185	106	0.375
185	227	0.625
185	261	0.5
186	1	0.5
186	69	0.5
186	111	0.5
186	30	0.5
186	73	0.5
186	20	0.5
186	99	0.5
186	252	0.5
187	110	0.5
187	246	0.330000000000000016
187	20	0.415000000000000036
187	1	0.5
187	2	0.75
187	247	0.5
187	99	0.5
187	248	0.5
187	252	0.5
187	89	0.5
188	1	0.5
188	50	0.5
188	190	0.5
188	114	0.5
188	13	0.5
188	3	0.5
188	252	0.5
188	108	0.5
189	110	0.5
189	1	0.580000000000000071
189	246	0.580000000000000071
189	20	0.580000000000000071
189	248	0.415000000000000036
189	252	0.5
189	2	0.75
191	110	0.5
191	246	0.5
191	1	0.5
191	89	0.5
191	73	0.5
191	2	0.5
191	20	0.5
191	99	0.5
191	248	0.5
191	252	0.5
192	1	0.5
192	39	0.5
192	258	0.5
192	262	0.75
192	106	0.5
192	199	0.5
192	252	0.5
193	89	0.5
193	106	0.75
193	252	0.75
194	1	0.5
194	99	0.5
194	5	0.5
194	257	0.5
194	20	0.5
194	252	0.5
195	1	0.75
195	252	0.5
195	89	0.5
195	106	0.5
195	96	0.5
195	79	0.5
195	263	0.5
197	3	0.5
197	197	0.5
198	32	0.5
198	44	0.5
198	264	0.5
198	70	0.5
198	65	0.5
198	197	0.5
198	68	0.5
198	1	0.5
199	39	0.415000000000000036
199	197	0.5
199	120	0.665000000000000036
200	243	0.5
200	197	0.5
200	216	0.375
200	1	0.5
200	3	0.5
200	44	0.5
201	197	0.5
201	216	0.5
201	54	0.5
201	1	0.5
201	191	0.5
201	65	0.5
202	197	0.5
202	216	0.5
202	1	0.359999999999999987
202	3	0.75
203	265	0.5
203	266	0.5
203	155	0.5
203	267	0.5
203	2	0.5
203	197	0.5
203	68	0.5
203	103	0.5
203	161	0.5
203	36	0.5
203	269	0.5
203	34	0.5
204	197	0.5
204	1	0.5
204	53	0.5
204	11	0.5
204	2	0.5
208	54	0.5
208	3	0.5
208	197	0.5
208	34	0.415000000000000036
208	1	0.75
209	197	0.5
209	34	0.5
210	197	0.5
210	1	0.5
210	3	0.5
210	79	0.5
210	2	0.5
212	20	0.5
212	197	0.5
212	1	0.5
212	3	0.5
212	44	0.5
212	59	0.5
212	191	0.5
213	197	0.5
213	84	0.5
213	54	0.5
213	1	0.5
213	3	0.5
213	44	0.5
214	3	0.5
214	197	0.5
215	273	0.5
215	197	0.5
216	39	0.5
216	197	0.5
217	3	0.5
217	197	0.5
217	274	0.5
217	1	0.5
218	3	0.5
218	197	0.5
221	197	0.5
221	54	0.5
221	1	0.5
221	109	0.5
221	3	0.5
221	65	0.5
222	197	0.5
222	1	0.75
222	108	0.5
222	273	0.5
222	3	0.5
223	273	0.5
223	197	0.5
223	191	0.5
225	3	0.5
225	197	0.5
229	44	0.5
229	216	0.5
229	54	0.75
229	197	0.5
229	1	0.580000000000000071
232	3	0.5
232	197	0.5
237	37	0.5
237	197	0.5
237	65	0.5
237	1	0.5
241	3	0.5
241	197	0.5
244	3	0.5
244	197	0.5
244	11	0.5
244	238	0.5
247	251	0.5
247	2	0.630000000000000004
247	20	0.285000000000000031
247	58	0.5
247	246	0.75
247	1	0.5
248	251	0.5
248	2	0.75
248	20	0.415000000000000036
248	52	0.75
248	1	0.580000000000000071
248	99	0.5
248	75	0.5
248	246	0.5
248	69	0.5
249	246	0.5
249	251	0.5
249	2	0.75
250	275	0.5
250	248	0.5
250	2	0.580000000000000071
250	58	0.415000000000000036
250	251	0.5
250	52	0.5
250	1	0.415000000000000036
250	99	0.5
250	83	0.5
250	110	0.580000000000000071
251	251	0.5
251	2	0.5
251	20	0.5
251	52	0.5
251	246	0.5
251	248	0.5
251	99	0.5
252	251	0.5
252	2	0.75
252	58	0.5
252	52	0.5
252	1	0.5
252	99	0.75
252	110	0.5
252	246	0.5
252	54	0.5
253	251	0.5
253	276	0.5
253	2	0.5
253	20	0.5
253	52	0.5
253	89	0.5
253	1	0.5
253	99	0.5
253	248	0.5
253	42	0.5
253	246	0.5
253	110	0.5
254	251	0.5
254	276	0.5
254	2	0.75
254	20	0.75
254	52	0.5
254	89	0.5
254	248	0.5
254	99	0.5
254	42	0.5
254	246	0.5
256	251	0.5
256	2	0.5
257	251	0.5
257	2	0.5
257	110	0.5
257	240	0.5
257	277	0.5
258	73	0.5
258	251	0.5
259	54	0.75
259	183	0.5
259	14	0.5
259	3	0.5
260	7	0.5
260	54	0.5
260	183	0.5
260	1	0.5
260	3	0.5
261	114	0.5
261	183	0.5
261	3	0.5
263	7	0.5
263	183	0.5
263	37	0.5
263	1	0.5
263	3	0.5
272	97	0.5
272	74	0.5
272	221	0.5
273	278	0.75
273	221	0.25
273	265	0.280000000000000027
275	24	0.604999999999999982
275	1	0.709999999999999964
275	2	0.53499999999999992
275	279	0.285000000000000031
276	6	0.5
276	1	0.59000000000000008
276	20	0.489999999999999991
276	280	0.5
276	5	0.309999999999999998
276	71	0.395000000000000018
277	1	0.5
277	68	0.5
277	281	0.5
277	36	0.5
277	103	0.5
277	64	0.5
277	282	0.5
278	86	0.5
278	98	0.5
278	1	0.5
279	36	0.5
279	97	0.304999999999999993
279	110	0.5
279	53	0.5
52	68	0.280000000000000027
52	1	0.405000000000000027
52	110	0.265000000000000013
52	4	0.5
280	89	0.5
280	161	0.434999999999999998
280	110	0.625
280	51	0.560000000000000053
280	283	0.75
280	34	0.309999999999999998
54	1	0.45499999999999996
54	2	0.5
54	79	0.5
54	13	0.294999999999999984
281	54	0.5
281	13	0.5
282	1	0.5
282	2	0.5
282	4	0.5
283	68	0.5
283	8	0.5
283	1	0.5
283	34	0.5
284	101	0.5
284	110	0.5
284	285	0.5
284	68	0.5
284	34	0.5
284	286	0.5
284	71	0.5
285	39	0.5
285	195	0.5
285	1	0.5
285	4	0.5
285	73	0.5
285	5	0.5
286	8	0.5
286	287	0.5
286	19	0.5
286	288	0.5
286	289	0.5
286	34	0.5
287	161	0.75
287	110	0.390000000000000013
287	34	0.294999999999999984
287	290	0.5
288	6	0.255000000000000004
288	1	0.574999999999999956
288	91	0.255000000000000004
288	20	0.75
288	2	0.309999999999999998
288	5	0.5
289	89	0.5
289	1	0.5
289	291	0.5
289	292	0.5
289	16	0.5
289	293	0.5
290	110	0.5
290	5	0.5
290	1	0.405000000000000027
291	39	0.5
291	79	0.5
291	1	0.75
291	295	0.5
291	296	0.33500000000000002
291	20	0.5
291	5	0.5
291	65	0.28999999999999998
292	24	0.75
292	161	0.330000000000000016
292	110	0.540000000000000036
292	34	0.270000000000000018
293	68	0.260000000000000009
293	1	0.630000000000000004
293	2	0.285000000000000031
294	68	0.5
294	71	0.5
294	1	0.5
295	298	0.5
295	34	0.5
295	240	0.5
296	1	0.309999999999999998
296	240	0.255000000000000004
296	40	0.5
296	34	0.364999999999999991
296	71	0.344999999999999973
297	20	0.364999999999999991
297	1	0.604999999999999982
297	2	0.699999999999999956
297	4	0.554999999999999938
298	161	0.260000000000000009
298	1	0.28999999999999998
298	53	0.5
298	299	0.280000000000000027
298	19	0.515000000000000013
298	34	0.390000000000000013
298	71	0.494999999999999996
299	255	0.5
299	110	0.5
299	34	0.5
299	300	0.5
300	71	0.33500000000000002
300	1	0.405000000000000027
301	301	0.5
301	302	0.5
301	68	0.5
301	303	0.5
301	304	0.5
301	305	0.5
301	286	0.5
301	50	0.5
302	306	0.5
302	161	0.450000000000000011
302	265	0.5
302	34	0.5
302	50	0.450000000000000011
303	4	0.415000000000000036
303	53	0.5
303	1	0.5
304	1	0.380000000000000004
304	110	0.42000000000000004
304	68	0.42000000000000004
304	307	0.5
304	71	0.304999999999999993
305	283	0.325000000000000011
305	101	0.520000000000000018
305	161	0.75
305	110	0.339999999999999969
305	34	0.385000000000000009
306	68	0.5
306	1	0.294999999999999984
306	34	0.5
306	71	0.5
307	283	0.349999999999999978
307	101	0.479999999999999982
307	161	0.75
307	110	0.349999999999999978
307	51	0.275000000000000022
307	308	0.5
307	186	0.260000000000000009
307	34	0.429999999999999993
308	2	0.5
308	1	0.5
309	161	0.315000000000000002
309	110	0.28999999999999998
309	92	0.5
309	310	0.75
309	311	0.469999999999999973
309	34	0.255000000000000004
309	312	0.320000000000000007
309	265	0.359999999999999987
310	68	0.275000000000000022
310	71	0.510000000000000009
310	1	0.574999999999999956
311	277	0.320000000000000007
311	110	0.344999999999999973
311	51	0.5
311	68	0.270000000000000018
311	2	0.320000000000000007
311	71	0.5
312	313	0.5
312	64	0.5
312	161	0.5
313	68	0.5
313	110	0.315000000000000002
313	1	0.380000000000000004
284	284	0.5
54	4	0.33500000000000002
1	4	0.405000000000000027
313	71	0.5
314	1	0.375
314	30	0.625
314	88	0.625
315	39	0.5
315	68	0.5
315	1	0.5
315	4	0.5
315	49	0.5
315	96	0.5
315	73	0.5
315	2	0.5
315	34	0.5
315	71	0.5
316	39	0.359999999999999987
316	316	0.5
316	1	0.294999999999999984
316	240	0.359999999999999987
316	71	0.5
317	277	0.5
317	50	0.5
317	106	0.5
317	317	0.5
318	36	0.265000000000000013
318	34	0.5
318	277	0.294999999999999984
319	68	0.270000000000000018
319	1	0.330000000000000016
319	280	0.400000000000000022
320	36	0.5
320	319	0.5
320	2	0.280000000000000027
321	4	0.75
321	1	0.550000000000000044
322	54	0.5
322	108	0.5
322	94	0.5
322	1	0.5
30	3	0.724999999999999978
30	108	0.270000000000000018
30	1	0.679999999999999938
30	114	0.484999999999999987
30	54	0.5
30	94	0.75
30	73	0.380000000000000004
30	65	0.400000000000000022
323	54	0.550000000000000044
323	108	0.299999999999999989
323	1	0.5
323	14	0.5
323	11	0.299999999999999989
51	5	0.339999999999999969
51	3	0.265000000000000013
51	108	0.385000000000000009
51	68	0.5
51	114	0.5
51	210	0.294999999999999984
51	4	0.354999999999999982
51	54	0.550000000000000044
51	2	0.400000000000000022
51	79	0.5
51	88	0.75
324	207	0.5
324	3	0.5
324	108	0.5
324	52	0.5
324	14	0.5
325	54	0.5
325	3	0.5
325	108	0.5
325	14	0.5
325	65	0.5
326	3	0.390000000000000013
326	108	0.5
326	1	0.53499999999999992
326	320	0.5
326	11	0.459999999999999964
326	54	0.320000000000000007
326	213	0.75
326	88	0.75
327	54	0.580000000000000071
327	108	0.5
327	1	0.75
327	14	0.5
328	14	0.5
328	3	0.349999999999999978
328	108	0.5
328	109	0.5
328	65	0.5
328	11	0.5
329	54	0.5
329	3	0.5
329	108	0.5
329	1	0.5
329	16	0.5
330	54	0.5
330	3	0.550000000000000044
330	108	0.550000000000000044
330	1	0.450000000000000011
330	65	0.5
330	11	0.349999999999999978
331	54	0.5
331	14	0.5
331	108	0.5
332	108	0.5
332	109	0.5
332	65	0.5
332	54	0.75
332	1	0.75
333	14	0.5
333	3	0.5
333	108	0.5
333	11	0.5
334	4	0.5
334	14	0.5
334	108	0.385000000000000009
335	54	0.5
335	3	0.5
335	108	0.5
336	108	0.5
336	4	0.5
336	65	0.5
336	14	0.5
336	54	0.5
336	96	0.5
336	79	0.5
336	3	0.5
336	13	0.5
337	114	0.5
337	3	0.5
337	108	0.5
338	1	0.5
338	54	0.5
338	3	0.415000000000000036
338	108	0.5
338	11	0.415000000000000036
339	54	0.5
339	3	0.5
339	108	0.5
339	1	0.5
340	14	0.5
340	3	0.5
340	108	0.75
340	1	0.5
340	88	0.75
340	11	0.75
341	54	0.5
341	3	0.5
341	108	0.5
341	1	0.5
342	54	0.5
342	3	0.5
342	108	0.5
342	1	0.5
343	3	0.280000000000000027
343	108	0.280000000000000027
343	14	0.5
343	54	0.464999999999999969
343	213	0.280000000000000027
343	44	0.5
343	70	0.405000000000000027
344	11	0.5
344	54	0.5
344	108	0.75
344	1	0.5
345	11	0.5
345	54	0.5
345	3	0.5
345	108	0.5
345	1	0.5
346	54	0.5
346	3	0.5
346	108	0.5
314	314	0.5
346	11	0.5
347	11	0.5
347	54	0.5
347	3	0.375
347	108	0.5
347	1	0.5
348	54	0.75
348	3	0.5
348	108	0.5
348	1	0.75
349	88	0.5
349	108	0.5
350	65	0.75
350	54	0.5
350	304	0.5
350	108	0.75
350	1	0.75
351	88	0.5
351	108	0.5
351	1	0.5
352	11	0.5
352	108	0.5
352	1	0.5
353	3	0.5
353	108	0.5
353	1	0.5
354	14	0.5
354	54	0.75
354	3	0.5
354	108	0.415000000000000036
354	1	0.580000000000000071
354	88	0.415000000000000036
354	11	0.5
355	17	0.5
355	108	0.5
355	1	0.5
355	4	0.5
355	321	0.5
355	14	0.5
355	54	0.5
355	2	0.5
356	322	0.5
356	108	0.5
356	1	0.5
356	3	0.5
356	323	0.5
356	11	0.5
357	11	0.5
357	3	0.5
357	108	0.5
357	1	0.5
358	54	0.75
358	3	0.375
358	108	0.5
358	1	0.375
359	167	0.450000000000000011
359	171	0.5
359	39	0.5
360	171	0.5
360	39	0.5
360	180	0.5
361	171	0.5
361	39	0.5
362	324	0.5
362	171	0.5
362	39	0.5
363	171	0.5
363	39	0.5
364	324	0.5
364	192	0.5
364	171	0.75
364	39	0.415000000000000036
365	171	0.5
365	39	0.5
365	164	0.5
366	167	0.415000000000000036
366	171	0.415000000000000036
366	39	0.5
366	170	0.75
367	171	0.5
367	39	0.5
368	171	0.5
368	39	0.5
369	171	0.375
369	39	0.5
370	171	0.5
370	39	0.5
371	171	0.5
371	39	0.5
372	171	0.5
372	39	0.5
373	171	0.5
373	39	0.5
374	171	0.5
374	39	0.5
375	171	0.5
375	113	0.5
375	39	0.5
376	171	0.5
376	325	0.5
376	39	0.5
377	136	0.5
377	171	0.349999999999999978
377	39	0.5
377	98	0.5
378	171	0.5
378	39	0.5
379	127	0.5
379	167	0.5
379	171	0.5
379	39	0.5
380	171	0.5
380	39	0.5
381	34	0.5
381	326	0.5
381	327	0.5
381	328	0.5
381	171	0.5
381	329	0.5
381	74	0.5
382	330	0.5
382	171	0.5
382	39	0.5
382	164	0.5
383	171	0.5
383	39	0.5
384	331	0.5
384	171	0.5
384	39	0.5
385	171	0.5
385	39	0.5
385	164	0.5
386	171	0.5
386	39	0.5
386	170	0.5
387	127	0.5
387	171	0.5
387	39	0.5
388	332	0.5
388	39	0.5
388	153	0.5
388	164	0.5
388	170	0.650000000000000022
388	167	0.5
388	171	0.5
389	171	0.5
389	113	0.5
389	39	0.5
390	167	0.5
390	171	0.5
390	39	0.5
391	171	0.5
391	180	0.5
391	39	0.5
391	98	0.5
392	171	0.5
392	39	0.5
392	92	0.5
393	171	0.5
393	39	0.5
394	167	0.5
394	171	0.5
394	39	0.5
395	171	0.5
395	39	0.5
395	119	0.5
395	180	0.5
396	167	0.5
396	171	0.5
396	39	0.5
396	332	0.5
397	171	0.5
397	39	0.5
398	171	0.5
398	39	0.5
399	167	0.5
399	171	0.5
399	39	0.5
399	332	0.5
400	171	0.75
400	118	0.5
400	39	0.5
401	171	0.5
401	39	0.5
401	164	0.5
401	180	0.5
402	171	0.5
402	39	0.5
403	171	0.5
403	134	0.5
403	39	0.5
404	171	0.75
404	39	0.5
404	164	0.75
405	333	0.5
405	39	0.5
405	98	0.5
405	171	0.5
406	171	0.5
406	39	0.5
407	171	0.5
407	39	0.5
407	180	0.5
408	167	0.5
408	171	0.5
408	39	0.5
408	332	0.5
409	110	0.349999999999999978
409	75	0.349999999999999978
409	280	0.75
409	90	0.349999999999999978
410	1	0.5
410	334	0.5
410	90	0.5
411	68	0.5
411	98	0.5
411	1	0.5
411	181	0.5
411	335	0.5
411	90	0.5
411	18	0.5
412	89	0.5
412	68	0.5
412	1	0.5
412	307	0.5
412	90	0.5
412	260	0.5
413	181	0.5
413	1	0.375
413	98	0.5
413	90	0.5
413	18	0.5
413	335	0.5
413	68	0.5
414	1	0.5
414	90	0.5
414	68	0.5
414	115	0.5
415	110	0.5
415	181	0.5
415	1	0.5
415	90	0.5
415	71	0.5
415	2	0.5
415	336	0.5
415	75	0.5
415	68	0.5
416	337	0.5
416	1	0.5
416	90	0.5
416	89	0.5
416	338	0.5
416	21	0.5
416	65	0.5
417	1	0.5
417	110	0.5
417	90	0.5
418	89	0.5
418	125	0.5
418	335	0.5
418	339	0.75
418	90	0.5
419	104	0.5
419	90	0.5
419	68	0.5
420	84	0.5
420	340	0.5
420	125	0.5
420	90	0.5
421	97	0.5
421	110	0.5
421	90	0.5
421	68	0.5
422	181	0.5
422	1	0.5
422	90	0.5
422	219	0.5
422	341	0.5
423	342	0.5
423	343	0.415000000000000036
423	344	0.5
423	90	0.5
423	22	0.75
424	89	0.5
424	84	0.5
424	145	0.5
424	344	0.5
424	25	0.5
424	90	0.5
425	97	0.5
425	345	0.5
425	90	0.5
425	68	0.5
426	346	0.5
426	125	0.5
426	90	0.5
426	260	0.5
427	90	0.415000000000000036
427	184	0.75
428	1	0.5
428	96	0.5
428	90	0.5
429	3	0.5
429	90	0.5
430	89	0.5
430	127	0.5
430	110	0.5
430	39	0.5
430	1	0.5
430	90	0.5
431	86	0.5
431	347	0.5
431	1	0.5
431	104	0.5
431	21	0.5
431	90	0.5
432	1	0.5
432	90	0.5
433	97	0.5
433	110	0.5
433	1	0.5
433	90	0.5
434	39	0.5
434	145	0.5
434	1	0.5
434	125	0.5
434	90	0.5
434	339	0.75
434	65	0.5
435	106	0.5
435	145	0.5
435	344	0.5
435	184	0.5
435	89	0.5
435	90	0.5
435	348	0.5
435	349	0.5
435	65	0.5
436	1	0.5
436	90	0.5
436	181	0.5
437	97	0.5
437	90	0.5
437	68	0.5
438	89	0.5
438	350	0.5
438	339	0.5
438	90	0.5
438	145	0.5
439	110	0.5
439	39	0.5
439	343	0.5
439	1	0.5
439	90	0.5
439	133	0.5
440	84	0.5
440	3	0.5
440	104	0.5
440	20	0.5
440	90	0.5
440	72	0.5
441	1	0.5
441	110	0.5
441	90	0.5
442	1	0.5
442	89	0.5
442	351	0.5
442	79	0.5
442	90	0.5
443	89	0.5
443	90	0.75
443	1	0.5
443	68	0.5
443	2	0.5
443	22	0.5
444	1	0.5
444	79	0.5
444	90	0.5
444	89	0.5
444	68	0.5
444	21	0.5
444	65	0.5
445	39	0.5
445	1	0.5
445	91	0.5
445	90	0.5
445	133	0.5
445	353	0.5
445	21	0.5
445	86	0.5
446	354	0.5
446	90	0.5
446	70	0.5
446	20	0.5
446	2	0.5
447	235	0.5
447	90	0.5
447	1	0.5
448	337	0.5
448	1	0.5
448	79	0.5
448	355	0.5
448	90	0.5
448	89	0.5
448	356	0.5
448	68	0.5
448	65	0.5
449	4	0.5
449	110	0.5
449	181	0.5
449	20	0.5
449	2	0.5
449	84	0.5
449	90	0.5
449	336	0.5
449	341	0.5
450	1	0.5
450	357	0.75
450	3	0.75
450	90	0.5
450	65	0.5
452	114	0.5
452	90	0.5
452	190	0.5
453	110	0.5
453	39	0.5
453	1	0.5
453	90	0.5
453	133	0.5
453	347	0.5
453	343	0.5
454	1	0.5
454	84	0.5
454	110	0.5
454	90	0.5
455	130	0.5
455	1	0.5
455	125	0.5
455	191	0.5
455	90	0.5
455	65	0.5
456	7	0.5
456	90	0.5
456	3	0.5
458	358	0.5
458	343	0.5
459	68	0.5
459	318	0.5
459	71	0.5
459	36	0.5
459	359	0.5
460	277	0.354999999999999982
460	318	0.354999999999999982
460	36	0.260000000000000009
461	318	0.294999999999999984
461	110	0.5
461	39	0.385000000000000009
461	1	0.5
462	64	0.705000000000000071
462	318	0.665000000000000036
462	68	0.5
462	71	0.28999999999999998
462	359	0.5
462	34	0.5
463	318	0.28999999999999998
463	8	0.464999999999999969
463	46	0.280000000000000027
463	360	0.484999999999999987
463	65	0.280000000000000027
463	68	0.325000000000000011
463	71	0.299999999999999989
463	19	0.280000000000000027
463	34	0.484999999999999987
464	266	0.5
464	318	0.5
464	71	0.5
464	46	0.275000000000000022
464	269	0.5
464	68	0.299999999999999989
464	34	0.275000000000000022
465	318	0.5
465	361	0.5
465	46	0.5
465	1	0.75
466	318	0.489999999999999991
466	71	0.299999999999999989
466	46	0.275000000000000022
466	110	0.424999999999999989
466	34	0.609999999999999987
467	64	0.564999999999999947
467	318	0.520000000000000018
467	19	0.385000000000000009
467	34	0.5
468	362	0.5
468	318	0.299999999999999989
468	46	0.5
469	318	0.434999999999999998
469	71	0.5
469	34	0.5
470	68	0.5
470	318	0.330000000000000016
470	71	0.5
470	46	0.5
471	68	0.299999999999999989
471	318	0.550000000000000044
471	49	0.5
471	71	0.299999999999999989
471	46	0.299999999999999989
472	318	0.5
472	75	0.450000000000000011
472	359	0.5
473	318	0.484999999999999987
473	71	0.5
473	36	0.5
473	359	0.5
473	34	0.364999999999999991
474	318	0.479999999999999982
474	8	0.364999999999999991
474	46	0.5
474	240	0.285000000000000031
474	363	0.265000000000000013
474	71	0.459999999999999964
474	359	0.5
474	34	0.364999999999999991
475	68	0.309999999999999998
475	364	0.5
475	46	0.309999999999999998
475	318	0.309999999999999998
475	34	0.280000000000000027
476	68	0.5
476	318	0.5
476	365	0.5
476	77	0.5
476	75	0.285000000000000031
477	155	0.28999999999999998
477	46	0.434999999999999998
477	359	0.5
477	318	0.75
478	68	0.5
478	318	0.5
478	46	0.5
478	34	0.5
479	318	0.33500000000000002
479	71	0.560000000000000053
479	161	0.5
479	46	0.5
479	240	0.5
479	50	0.5
479	68	0.315000000000000002
479	19	0.494999999999999996
479	34	0.354999999999999982
480	318	0.75
480	46	0.5
480	240	0.375
480	65	0.5
480	1	0.375
480	34	0.309999999999999998
481	318	0.75
481	161	0.5
481	46	0.5
482	68	0.5
482	318	0.5
482	364	0.5
482	366	0.75
482	46	0.5
483	68	0.304999999999999993
483	318	0.5
483	367	0.5
483	163	0.5
483	366	0.5
483	34	0.5
484	318	0.734999999999999987
484	50	0.5
484	240	0.5
484	363	0.75
484	71	0.5
484	281	0.285000000000000031
484	359	0.5
484	34	0.315000000000000002
485	68	0.5
485	64	0.75
485	368	0.5
485	71	0.5
485	318	0.330000000000000016
485	269	0.5
485	266	0.330000000000000016
486	68	0.5
486	277	0.5
486	318	0.5
486	1	0.5
486	34	0.5
487	369	0.5
487	318	0.5
487	34	0.5
488	266	0.5
488	318	0.71500000000000008
488	71	0.315000000000000002
488	46	0.280000000000000027
488	269	0.280000000000000027
488	359	0.5
488	34	0.515000000000000013
489	68	0.5
489	266	0.5
489	64	0.53499999999999992
489	370	0.5
489	36	0.5
489	318	0.675000000000000044
490	68	0.309999999999999998
490	318	0.560000000000000053
490	34	0.309999999999999998
491	318	0.75
491	46	0.429999999999999993
491	110	0.655000000000000027
491	34	0.564999999999999947
492	64	0.5
492	318	0.5
492	265	0.450000000000000011
492	278	0.75
493	318	0.479999999999999982
493	46	0.5
493	240	0.280000000000000027
493	1	0.5
493	68	0.450000000000000011
493	77	0.5
493	34	0.280000000000000027
494	155	0.5
494	8	0.349999999999999978
494	46	0.280000000000000027
494	266	0.280000000000000027
494	71	0.5
494	269	0.5
494	318	0.75
494	34	0.5
495	68	0.5
495	318	0.5
495	71	0.5
495	8	0.75
495	359	0.5
495	371	0.5
495	34	0.5
497	68	0.270000000000000018
497	121	0.315000000000000002
497	18	0.270000000000000018
497	1	0.405000000000000027
497	71	0.260000000000000009
498	372	0.709999999999999964
498	121	0.709999999999999964
498	75	0.640000000000000013
498	1	0.390000000000000013
499	20	0.5
499	121	0.395000000000000018
499	372	0.364999999999999991
499	1	0.275000000000000022
501	1	0.375
501	36	0.5
502	103	0.5
502	36	0.5
503	20	0.5
503	2	0.75
503	1	0.75
503	5	0.5
503	36	0.5
504	34	0.5
504	36	0.5
505	36	0.5
505	161	0.75
505	71	0.270000000000000018
505	51	0.5
506	34	0.299999999999999989
506	2	0.275000000000000022
506	36	0.354999999999999982
506	277	0.59000000000000008
506	103	0.325000000000000011
507	36	0.375
507	265	0.5
507	267	0.415000000000000036
507	312	0.75
508	267	0.5
508	103	0.5
508	36	0.5
509	1	0.265000000000000013
509	373	0.270000000000000018
509	2	0.484999999999999987
509	36	0.294999999999999984
510	181	0.5
510	52	0.309999999999999998
510	36	0.434999999999999998
510	2	0.434999999999999998
510	1	0.375
511	374	0.5
511	36	0.5
511	2	0.560000000000000053
511	71	0.299999999999999989
511	68	0.280000000000000027
511	375	0.299999999999999989
512	36	0.5
513	75	0.5
513	2	0.5
513	36	0.5
514	375	0.510000000000000009
514	2	0.719999999999999973
514	36	0.275000000000000022
515	52	0.5
515	2	0.655000000000000027
515	36	0.294999999999999984
516	347	0.75
516	280	0.75
516	36	0.5
517	2	0.5
517	36	0.5
517	103	0.5
518	71	0.309999999999999998
518	8	0.705000000000000071
518	68	0.550000000000000044
518	34	0.354999999999999982
518	36	0.5
519	34	0.320000000000000007
519	36	0.5
519	64	0.390000000000000013
520	71	0.5
520	310	0.5
520	34	0.5
520	36	0.5
521	1	0.5
521	36	0.5
522	36	0.5
523	20	0.309999999999999998
523	36	0.5
523	1	0.309999999999999998
523	5	0.5
523	4	0.309999999999999998
524	34	0.5
524	36	0.5
524	1	0.5
524	43	0.5
524	68	0.5
524	3	0.5
524	2	0.5
525	18	0.5
525	1	0.604999999999999982
525	36	0.5
525	280	0.320000000000000007
525	68	0.75
525	23	0.320000000000000007
525	110	0.5
525	71	0.675000000000000044
525	75	0.320000000000000007
526	19	0.275000000000000022
526	34	0.354999999999999982
526	36	0.5
526	71	0.390000000000000013
526	8	0.635000000000000009
526	68	0.5
527	376	0.5
527	161	0.5
527	2	0.5
527	36	0.5
527	265	0.5
527	282	0.5
527	267	0.5
528	374	0.5
528	68	0.33500000000000002
528	375	0.304999999999999993
528	36	0.5
529	1	0.265000000000000013
529	68	0.265000000000000013
529	36	0.285000000000000031
530	377	0.320000000000000007
530	278	0.445000000000000007
530	378	0.320000000000000007
530	379	0.5
530	36	0.5
530	265	0.285000000000000031
530	75	0.390000000000000013
531	103	0.479999999999999982
531	34	0.299999999999999989
531	36	0.265000000000000013
532	106	0.53499999999999992
532	380	0.5
532	36	0.5
532	253	0.390000000000000013
532	382	0.320000000000000007
533	2	0.294999999999999984
533	36	0.309999999999999998
533	277	0.405000000000000027
533	103	0.265000000000000013
534	36	0.5
534	86	0.609999999999999987
534	1	0.385000000000000009
534	71	0.5
534	68	0.294999999999999984
534	98	0.5
535	376	0.5
535	103	0.5
535	2	0.75
535	36	0.5
536	52	0.580000000000000071
536	2	0.580000000000000071
536	36	0.5
536	1	0.5
536	4	0.5
537	370	0.5
537	36	0.5
537	68	0.5
537	266	0.320000000000000007
537	64	0.75
538	23	0.275000000000000022
538	20	0.5
538	34	0.5
538	36	0.5
538	18	0.309999999999999998
538	383	0.5
538	280	0.410000000000000031
538	68	0.5
538	2	0.33500000000000002
538	1	0.75
538	8	0.5
538	75	0.685000000000000053
539	106	0.5
539	36	0.5
540	374	0.5
540	2	0.580000000000000071
540	34	0.260000000000000009
540	36	0.354999999999999982
540	68	0.315000000000000002
540	373	0.270000000000000018
540	276	0.280000000000000027
540	42	0.5
541	103	0.5
541	36	0.5
541	2	0.5
542	36	0.5
542	34	0.5
542	71	0.5
542	68	0.5
543	68	0.5
543	64	0.5
543	36	0.5
544	22	0.280000000000000027
544	2	0.5
544	32	0.5
544	1	0.75
544	71	0.270000000000000018
544	216	0.275000000000000022
545	201	0.5
545	84	0.424999999999999989
545	18	0.275000000000000022
545	32	0.5
545	1	0.75
545	114	0.5
545	65	0.33500000000000002
545	384	0.5
545	21	0.484999999999999987
545	3	0.275000000000000022
546	84	0.75
546	18	0.5
546	32	0.5
546	1	0.440000000000000002
546	65	0.5
547	39	0.5
547	385	0.5
547	92	0.5
547	65	0.375
548	39	0.445000000000000007
548	118	0.5
548	86	0.320000000000000007
548	92	0.265000000000000013
549	39	0.580000000000000071
549	92	0.415000000000000036
549	164	0.5
550	39	0.5
550	92	0.5
551	51	0.5
551	101	0.400000000000000022
551	34	0.344999999999999973
551	161	0.520000000000000018
551	386	0.369999999999999996
551	186	0.260000000000000009
551	19	0.25
309	309	0.5
551	110	0.270000000000000018
551	283	0.28999999999999998
552	387	0.75
552	51	0.5
552	110	0.5
553	75	0.75
553	2	0.309999999999999998
553	51	0.309999999999999998
553	277	0.434999999999999998
554	359	0.5
554	46	0.5
554	51	0.5
554	34	0.5
554	285	0.5
554	186	0.5
554	388	0.5
554	389	0.5
555	71	0.5
555	51	0.5
555	390	0.5
555	2	0.75
555	36	0.5
555	1	0.5
556	51	0.5
556	392	0.5
556	24	0.5
556	34	0.5
556	68	0.5
556	285	0.5
556	110	0.5
556	23	0.5
557	307	0.5
557	71	0.369999999999999996
557	51	0.294999999999999984
557	68	0.400000000000000022
557	110	0.309999999999999998
557	161	0.5
557	34	0.359999999999999987
558	307	0.5
558	51	0.675000000000000044
558	71	0.299999999999999989
558	75	0.625
558	2	0.5
558	34	0.299999999999999989
558	1	0.5
558	68	0.299999999999999989
558	19	0.325000000000000011
558	283	0.275000000000000022
559	71	0.5
559	34	0.5
559	161	0.5
559	51	0.5
560	265	0.5
560	51	0.5
560	393	0.5
560	50	0.5
561	68	0.724999999999999978
561	51	0.5
561	97	0.5
561	34	0.375
561	110	0.5
562	71	0.405000000000000027
562	51	0.459999999999999964
562	394	0.5
562	34	0.5
562	110	0.614999999999999991
562	1	0.5
562	68	0.380000000000000004
563	110	0.5
563	34	0.390000000000000013
563	89	0.5
563	51	0.5
564	51	0.5
564	283	0.415000000000000036
564	110	0.415000000000000036
565	343	0.5
565	51	0.5
565	260	0.415000000000000036
565	110	0.5
566	71	0.5
566	51	0.330000000000000016
566	68	0.5
566	2	0.5
566	34	0.5
566	161	0.75
567	71	0.304999999999999993
567	51	0.304999999999999993
567	68	0.525000000000000022
567	34	0.359999999999999987
569	39	0.285000000000000031
569	189	0.5
570	168	0.5
570	1	0.5
571	168	0.5
571	1	0.5
572	23	0.5
572	168	0.5
572	1	0.5
572	89	0.5
573	23	0.5
573	168	0.5
573	89	0.5
574	168	0.5
574	2	0.5
574	25	0.5
574	97	0.5
574	21	0.5
574	46	0.5
574	65	0.5
574	145	0.5
574	89	0.5
574	106	0.5
574	86	0.5
574	71	0.5
575	175	0.5
575	21	0.5
575	260	0.5
575	168	0.5
575	89	0.5
576	168	0.5
576	2	0.5
576	25	0.5
576	97	0.5
576	21	0.5
576	46	0.5
576	65	0.5
576	145	0.5
576	89	0.5
576	106	0.5
576	86	0.5
576	71	0.5
577	21	0.5
577	23	0.5
577	145	0.5
577	89	0.5
577	348	0.5
577	106	0.5
577	184	0.5
577	25	0.5
577	65	0.5
577	46	0.5
577	84	0.5
577	1	0.5
577	216	0.5
577	168	0.5
577	397	0.5
577	86	0.5
578	11	0.5
578	21	0.5
578	30	0.5
578	5	0.5
578	188	0.5
578	168	0.5
578	35	0.5
578	86	0.5
578	71	0.5
579	168	0.5
579	68	0.5
579	1	0.5
579	71	0.5
580	21	0.5
580	398	0.5
580	11	0.5
580	35	0.5
580	30	0.5
580	5	0.5
580	188	0.5
580	168	0.5
580	86	0.5
580	71	0.5
581	154	0.5
581	168	0.5
581	86	0.5
581	71	0.5
582	20	0.5
582	168	0.5
582	2	0.5
582	1	0.5
583	398	0.5
583	25	0.5
583	168	0.5
584	21	0.5
584	398	0.5
584	11	0.5
584	35	0.5
584	30	0.5
584	5	0.5
584	188	0.5
584	168	0.5
584	86	0.5
584	71	0.5
585	20	0.5
585	168	0.5
585	2	0.5
585	1	0.5
586	39	0.5
586	1	0.5
586	168	0.5
587	154	0.5
587	168	0.5
587	86	0.5
587	71	0.5
588	21	0.5
588	20	0.5
588	399	0.5
588	3	0.5
588	54	0.5
588	168	0.5
588	86	0.5
589	168	0.5
589	86	0.5
589	71	0.5
590	400	0.5
590	227	0.5
590	145	0.5
590	168	0.5
590	255	0.5
591	11	0.5
591	21	0.5
591	30	0.5
591	5	0.5
591	188	0.5
591	168	0.5
591	35	0.5
591	86	0.5
591	71	0.5
592	21	0.5
592	398	0.5
592	11	0.5
592	35	0.5
592	30	0.5
592	5	0.5
592	188	0.5
592	168	0.5
592	86	0.5
592	71	0.5
593	168	0.5
593	96	0.5
593	3	0.5
593	11	0.5
594	398	0.5
594	25	0.5
594	168	0.5
595	168	0.5
595	25	0.5
596	168	0.5
597	21	0.5
597	398	0.5
597	11	0.5
597	35	0.5
597	30	0.5
597	5	0.5
597	188	0.5
597	168	0.5
597	86	0.5
597	71	0.5
598	29	0.5
598	168	0.5
598	184	0.5
599	168	0.5
600	97	0.5
600	168	0.5
601	29	0.5
601	168	0.5
601	184	0.5
602	29	0.5
602	168	0.5
602	184	0.5
603	29	0.5
603	168	0.5
603	184	0.5
604	34	0.5
604	168	0.5
604	153	0.5
604	99	0.5
605	401	0.59000000000000008
605	275	0.390000000000000013
605	110	0.669999999999999929
605	58	0.570000000000000062
605	54	0.270000000000000018
605	5	0.5
605	109	0.309999999999999998
605	1	0.75
606	58	0.75
606	275	0.5
606	109	0.459999999999999964
606	110	0.65999999999999992
607	110	0.525000000000000022
607	275	0.304999999999999993
607	109	0.525000000000000022
607	177	0.5
607	58	0.75
608	58	0.5
608	275	0.5
608	402	0.5
609	110	0.45499999999999996
609	275	0.315000000000000002
609	1	0.349999999999999978
609	58	0.75
610	58	0.550000000000000044
610	275	0.450000000000000011
610	110	0.450000000000000011
611	109	0.709999999999999964
611	275	0.75
611	1	0.479999999999999982
611	58	0.669999999999999929
612	110	0.5
612	275	0.5
612	109	0.349999999999999978
612	1	0.5
612	58	0.5
613	58	0.75
613	275	0.304999999999999993
613	109	0.415000000000000036
613	1	0.304999999999999993
614	58	0.75
614	275	0.75
614	109	0.320000000000000007
614	1	0.5
615	109	0.75
615	58	0.5
615	275	0.75
615	1	0.5
616	109	0.339999999999999969
616	275	0.339999999999999969
616	1	0.294999999999999984
616	58	0.75
617	58	0.375
617	275	0.75
617	1	0.5
618	109	0.635000000000000009
618	58	0.75
618	275	0.415000000000000036
619	20	0.330000000000000016
619	2	0.75
619	275	0.5
619	246	0.665000000000000036
620	58	0.580000000000000071
620	275	0.5
620	109	0.415000000000000036
620	1	0.415000000000000036
620	65	0.5
621	58	0.5
621	275	0.5
621	109	0.5
621	1	0.5
622	58	0.5
622	275	0.75
622	109	0.5
622	110	0.375
623	401	0.5
623	275	0.5
623	109	0.5
623	1	0.5
623	58	0.75
624	58	0.5
624	1	0.5
624	401	0.5
624	110	0.5
624	275	0.5
625	20	0.5
625	58	0.5
625	2	0.5
625	248	0.5
625	275	0.5
626	58	0.75
626	1	0.5
626	110	0.580000000000000071
626	275	0.5
626	65	0.5
627	109	0.5
627	96	0.5
627	275	0.5
627	403	0.5
628	401	0.75
628	58	0.5
628	275	0.375
628	110	0.5
628	109	0.5
629	109	0.5
629	58	0.5
629	275	0.5
629	110	0.5
629	1	0.5
630	109	0.5
630	58	0.53499999999999992
630	275	0.5
630	110	0.5
630	1	0.5
631	275	0.5
631	99	0.5
631	23	0.5
631	34	0.5
631	1	0.5
631	359	0.5
631	71	0.359999999999999987
632	58	0.5
632	1	0.5
632	275	0.5
632	109	0.5
632	110	0.5
632	403	0.5
633	275	0.5
633	109	0.5
633	58	0.75
634	275	0.5
635	109	0.349999999999999978
635	58	0.75
635	1	0.5
635	275	0.450000000000000011
635	110	0.550000000000000044
635	65	0.5
636	401	0.650000000000000022
636	110	0.550000000000000044
636	275	0.650000000000000022
636	58	0.75
637	110	0.5
637	275	0.5
637	65	0.5
637	58	0.5
637	1	0.5
637	109	0.5
638	58	0.5
638	275	0.5
638	110	0.5
638	1	0.5
639	58	0.5
639	1	0.5
639	109	0.5
639	275	0.5
639	110	0.5
639	65	0.5
640	58	0.5
640	275	0.5
641	275	0.5
641	109	0.5
641	1	0.5
641	58	0.75
642	109	0.375
642	275	0.375
642	1	0.5
642	58	0.75
643	58	0.5
643	1	0.75
643	402	0.5
643	249	0.5
643	275	0.5
643	109	0.415000000000000036
644	401	0.625
644	58	0.75
644	275	0.5
645	58	0.5
645	1	0.5
645	401	0.5
645	109	0.5
645	275	0.75
645	13	0.5
646	401	0.5
646	58	0.5
646	275	0.5
647	58	0.75
647	275	0.5
648	58	0.5
648	275	0.5
649	109	0.5
649	58	0.5
649	275	0.5
649	110	0.5
649	1	0.5
650	401	0.5
650	58	0.5
650	275	0.5
651	58	0.5
651	275	0.5
651	1	0.5
651	54	0.5
652	404	0.5
652	401	0.5
652	110	0.5
652	275	0.5
652	20	0.5
652	58	0.5
653	58	0.75
653	1	0.5
653	110	0.75
653	275	0.5
653	65	0.5
655	295	0.5
655	68	0.5
657	359	0.5
657	77	0.5
657	46	0.5
657	416	0.5
657	295	0.5
657	1	0.5
659	89	0.5
659	21	0.5
659	339	0.415000000000000036
659	125	0.75
659	145	0.415000000000000036
318	318	0.280000000000000027
663	359	0.5
663	34	0.5
663	285	0.75
664	68	0.304999999999999993
664	167	0.5
664	285	0.5
664	34	0.304999999999999993
664	46	0.359999999999999987
665	71	0.5
665	283	0.5
665	110	0.625
665	285	0.5
665	34	0.5
666	68	0.429999999999999993
666	71	0.5
666	285	0.5
666	34	0.294999999999999984
666	86	0.5
667	34	0.294999999999999984
667	46	0.5
667	285	0.294999999999999984
668	77	0.5
668	110	0.5
668	34	0.5
668	283	0.75
668	285	0.5
669	340	0.5
669	427	0.5
669	86	0.5
669	221	0.5
669	25	0.5
669	450	0.5
669	33	0.5
669	35	0.5
670	65	0.5
670	79	0.5
670	21	0.5
670	29	0.5
670	195	0.5
670	73	0.5
670	86	0.5
670	68	0.5
670	1	0.5
670	466	0.5
670	172	0.5
670	296	0.5
670	6	0.5
671	1	0.630000000000000004
671	39	0.5
671	20	0.75
671	71	0.5
671	5	0.325000000000000011
671	6	0.5
671	133	0.5
672	50	0.5
672	6	0.5
672	475	0.75
672	106	0.5
675	1	0.625
675	5	0.5
675	39	0.5
675	69	0.5
675	296	0.625
691	1	0.5
691	160	0.5
691	141	0.5
692	160	0.5
692	141	0.5
692	147	0.5
693	1	0.5
693	160	0.5
693	141	0.5
693	65	0.5
693	3	0.5
694	1	0.5
694	141	0.5
694	39	0.5
694	28	0.5
695	1	0.5
695	141	0.5
696	141	0.5
696	3	0.5
697	141	0.5
697	198	0.5
698	141	0.5
698	79	0.5
698	3	0.5
699	1	0.5
699	141	0.5
699	114	0.5
699	123	0.5
700	141	0.5
701	141	0.5
701	498	0.5
702	1	0.5
702	98	0.5
702	141	0.5
703	1	0.5
703	160	0.5
703	141	0.5
703	239	0.5
703	123	0.5
704	141	0.5
705	141	0.5
706	1	0.5
706	41	0.5
706	191	0.5
706	141	0.5
706	123	0.5
707	141	0.5
708	141	0.5
709	1	0.5
709	132	0.5
709	65	0.5
709	133	0.5
709	141	0.5
709	123	0.5
709	83	0.5
710	98	0.5
710	39	0.5
710	41	0.5
710	7	0.5
710	141	0.5
710	123	0.5
711	1	0.5
711	141	0.5
711	469	0.5
711	160	0.5
712	141	0.5
713	1	0.5
713	141	0.5
713	198	0.5
713	54	0.5
714	1	0.5
714	98	0.5
714	198	0.5
714	133	0.5
714	141	0.5
714	123	0.5
715	1	0.5
715	39	0.5
715	141	0.5
715	123	0.5
716	141	0.5
717	1	0.5
717	37	0.5
717	141	0.5
718	141	0.5
719	141	0.5
721	39	0.354999999999999982
721	120	0.299999999999999989
721	21	0.459999999999999964
721	106	0.380000000000000004
722	39	0.580000000000000071
722	120	0.5
723	39	0.42000000000000004
723	178	0.5
723	120	0.369999999999999996
724	39	0.330000000000000016
724	120	0.5
725	265	0.489999999999999991
725	110	0.5
725	71	0.33500000000000002
725	161	0.5
725	310	0.645000000000000018
725	34	0.390000000000000013
726	265	0.375
726	533	0.5
726	1	0.5
726	532	0.540000000000000036
726	310	0.75
726	534	0.594999999999999973
726	524	0.494999999999999996
727	265	0.5
727	310	0.75
727	103	0.339999999999999969
727	267	0.5
727	538	0.429999999999999993
728	540	0.5
728	71	0.5
728	89	0.5
728	426	0.5
728	541	0.5
728	328	0.5
728	542	0.5
53	103	0.5
53	30	0.5
53	4	0.5
53	1	0.5
53	20	0.5
729	195	0.5
729	1	0.75
729	30	0.635000000000000009
730	39	0.5
730	178	0.5
730	118	0.5
730	170	0.5
730	345	0.5
62	460	0.75
62	403	0.5
62	1	0.375
62	18	0.5
62	109	0.5
732	68	0.5
732	359	0.5
732	71	0.5
732	75	0.5
732	396	0.5
733	69	0.5
733	1	0.5
733	356	0.5
735	34	0.5
735	431	0.5
735	572	0.330000000000000016
735	372	0.5
735	1	0.5
735	18	0.5
735	559	0.75
736	1	0.5
736	18	0.5
736	240	0.5
737	39	0.5
737	341	0.5
737	498	0.5
737	1	0.5
737	583	0.5
738	30	0.5
738	1	0.415000000000000036
738	2	0.5
739	2	0.5
739	54	0.5
739	30	0.625
739	1	0.5
27	471	0.5
27	2	0.5
27	78	0.5
27	3	0.375
27	88	0.5
27	4	0.5
27	114	0.5
27	30	0.5
27	1	0.625
27	94	0.5
740	34	0.5
740	154	0.349999999999999978
740	285	0.5
740	86	0.5
740	46	0.5
740	180	0.349999999999999978
740	98	0.5
741	180	0.5
741	39	0.349999999999999978
742	265	0.5
742	405	0.5
742	186	0.5
742	387	0.375
742	34	0.5
742	527	0.5
743	517	0.5
743	405	0.5
743	311	0.5
743	265	0.5
744	265	0.5
744	405	0.5
744	572	0.5
744	269	0.5
744	524	0.5
745	311	0.550000000000000044
745	405	0.75
745	265	0.515000000000000013
746	235	0.415000000000000036
746	21	0.415000000000000036
746	341	0.5
746	17	0.5
746	605	0.5
746	72	0.5
746	84	0.5
746	47	0.5
746	181	0.5
746	1	0.415000000000000036
746	606	0.75
747	84	0.5
747	47	0.349999999999999978
747	3	0.650000000000000022
747	65	0.650000000000000022
747	1	0.5
747	114	0.5
748	79	0.285000000000000031
748	1	0.479999999999999982
748	454	0.400000000000000022
748	73	0.554999999999999938
748	96	0.75
749	73	0.5
749	454	0.5
749	96	0.75
750	1	0.5
750	454	0.5
750	96	0.5
751	454	0.5
751	96	0.5
752	34	0.309999999999999998
752	97	0.309999999999999998
752	80	0.5
752	89	0.309999999999999998
753	634	0.5
753	97	0.5
753	89	0.5
753	636	0.5
754	123	0.415000000000000036
754	1	0.5
754	73	0.415000000000000036
754	114	0.5
755	65	0.484999999999999987
755	504	0.5
757	418	0.5
757	359	0.5
757	77	0.5
757	46	0.5
757	1	0.5
757	416	0.5
758	34	0.5
758	318	0.5
758	416	0.5
759	71	0.325000000000000011
759	1	0.474999999999999978
59	110	0.5
59	71	0.5
59	68	0.5
59	1	0.339999999999999969
59	98	0.5
760	65	0.5
760	71	0.5
760	1	0.5
761	25	0.349999999999999978
761	166	0.349999999999999978
761	65	0.5
761	426	0.5
761	1	0.75
761	130	0.5
762	130	0.5
762	1	0.75
762	73	0.450000000000000011
762	185	0.5
762	114	0.349999999999999978
22	65	0.5
22	655	0.5
22	39	0.5
22	478	0.285000000000000031
22	3	0.5
763	113	0.75
128	34	0.669999999999999929
128	660	0.299999999999999989
128	154	0.5
128	97	0.275000000000000022
128	329	0.695000000000000062
128	113	0.5
128	174	0.405000000000000027
764	113	0.5
764	97	0.5
765	397	0.5
765	145	0.75
765	348	0.719999999999999973
765	89	0.5
765	106	0.530000000000000027
766	397	0.5
766	348	0.5
766	89	0.5
766	145	0.5
766	184	0.5
767	538	0.28999999999999998
767	313	0.53499999999999992
767	306	0.5
767	265	0.42000000000000004
767	310	0.75
768	306	0.5
768	265	0.375
769	119	0.5
770	1	0.5
770	39	0.5
770	98	0.5
770	119	0.5
770	86	0.5
770	21	0.5
770	106	0.5
771	114	0.5
771	119	0.5
771	3	0.5
772	1	0.5
772	123	0.5
772	119	0.5
772	130	0.5
773	65	0.5
773	119	0.5
773	39	0.5
774	351	0.5
774	670	0.5
774	89	0.5
774	106	0.75
775	96	0.5
775	454	0.5
776	161	0.75
776	34	0.339999999999999969
776	101	0.349999999999999978
776	286	0.330000000000000016
777	97	0.5
777	161	0.75
778	40	0.25
778	186	0.369999999999999996
778	34	0.469999999999999973
778	103	0.5
778	161	0.25
778	110	0.5
778	71	0.299999999999999989
778	19	0.440000000000000002
778	387	0.515000000000000013
779	34	0.415000000000000036
779	22	0.5
779	17	0.5
779	110	0.315000000000000002
779	462	0.5
779	161	0.594999999999999973
779	2	0.625
779	282	0.5
780	161	0.75
780	34	0.344999999999999973
780	154	0.255000000000000004
780	186	0.265000000000000013
781	110	0.359999999999999987
781	34	0.33500000000000002
781	161	0.75
782	72	0.5
782	11	0.5
782	15	0.5
782	323	0.5
782	3	0.5
783	323	0.5
783	108	0.5
784	365	0.275000000000000022
784	359	0.5
784	68	0.275000000000000022
784	46	0.474999999999999978
785	359	0.5
785	34	0.5
785	71	0.5
786	300	0.5
786	255	0.349999999999999978
786	34	0.550000000000000044
786	145	0.5
786	110	0.5
786	71	0.5
787	255	0.5
787	34	0.5
787	400	0.5
787	256	0.5
787	300	0.5
787	89	0.5
788	240	0.5
788	265	0.5
788	2	0.5
788	517	0.5
788	277	0.5
789	277	0.699999999999999956
789	517	0.550000000000000044
789	700	0.400000000000000022
790	40	0.75
790	186	0.5
790	34	0.315000000000000002
790	265	0.42000000000000004
790	531	0.5
790	517	0.400000000000000022
791	265	0.285000000000000031
791	703	0.75
791	278	0.540000000000000036
791	517	0.685000000000000053
791	310	0.464999999999999969
792	34	0.5
792	265	0.5
792	517	0.434999999999999998
793	265	0.450000000000000011
793	517	0.75
793	702	0.5
793	277	0.75
794	296	0.5
794	106	0.75
795	296	0.5
795	216	0.5
795	39	0.5
796	580	0.349999999999999978
796	499	0.5
796	106	0.75
797	382	0.5
797	452	0.5
797	499	0.5
797	106	0.5
798	499	0.5
798	407	0.625
798	106	0.75
800	2	0.415000000000000036
800	54	0.75
800	1	0.415000000000000036
800	16	0.5
801	79	0.5
801	440	0.5
801	4	0.510000000000000009
801	2	0.75
801	65	0.5
801	54	0.364999999999999991
801	16	0.5
801	13	0.5
801	1	0.540000000000000036
802	4	0.5
802	54	0.604999999999999982
802	1	0.459999999999999964
802	16	0.5
803	108	0.5
803	54	0.5
803	16	0.5
803	3	0.5
803	1	0.5
804	180	0.5
804	71	0.5
804	330	0.5
804	106	0.75
804	21	0.5
805	154	0.5
805	113	0.5
805	71	0.5
805	330	0.5
805	68	0.5
805	97	0.5
805	180	0.5
805	456	0.5
806	68	0.5
806	319	0.5
806	180	0.5
806	330	0.5
806	97	0.5
807	202	0.5
807	208	0.5
807	439	0.5
808	208	0.5
808	216	0.5
808	110	0.5
809	441	0.354999999999999982
809	89	0.5
809	340	0.75
809	97	0.5
810	89	0.5
810	34	0.5
810	273	0.5
810	340	0.5
810	596	0.5
811	89	0.5
811	97	0.5
811	340	0.75
812	137	0.5
812	89	0.5
812	340	0.5
813	340	0.5
813	25	0.5
813	89	0.5
813	21	0.5
814	25	0.5
814	97	0.5
814	340	0.75
58	705	0.5
58	226	0.5
58	60	0.5
58	227	0.5
58	106	0.5
58	202	0.5
58	55	0.5
815	256	0.5
815	227	0.5
816	227	0.580000000000000071
816	1	0.330000000000000016
816	20	0.330000000000000016
817	106	0.75
817	255	0.415000000000000036
817	227	0.75
818	70	0.315000000000000002
818	409	0.469999999999999973
818	22	0.405000000000000027
818	89	0.265000000000000013
818	99	0.33500000000000002
818	2	0.349999999999999978
818	227	0.5
818	20	0.65999999999999992
818	25	0.5
818	106	0.280000000000000027
818	1	0.525000000000000022
818	5	0.280000000000000027
818	191	0.5
819	106	0.75
819	227	0.5
819	400	0.5
820	33	0.5
820	202	0.5
820	452	0.5
820	227	0.75
820	106	0.5
821	154	0.385000000000000009
821	106	0.75
821	227	0.5
821	705	0.275000000000000022
822	98	0.5
822	39	0.5
822	179	0.5
822	86	0.5
822	1	0.390000000000000013
823	68	0.630000000000000004
823	71	0.270000000000000018
823	34	0.294999999999999984
823	179	0.5
823	110	0.5
824	106	0.699999999999999956
824	39	0.550000000000000044
824	258	0.5
824	199	0.5
824	103	0.400000000000000022
824	179	0.5
825	39	0.5
825	179	0.5
826	65	0.5
826	1	0.5
827	65	0.5
827	1	0.75
828	18	0.5
828	465	0.280000000000000027
828	71	0.315000000000000002
828	65	0.5
828	98	0.5
829	96	0.75
829	34	0.344999999999999973
829	65	0.270000000000000018
829	69	0.5
829	1	0.570000000000000062
831	65	0.375
831	595	0.309999999999999998
831	1	0.375
831	94	0.560000000000000053
831	109	0.75
832	79	0.5
832	754	0.5
832	2	0.5
832	114	0.5
832	65	0.75
832	69	0.5
832	595	0.75
832	11	0.5
832	403	0.75
832	94	0.5
832	109	0.5
832	17	0.5
832	3	0.5
832	1	0.75
833	595	0.75
833	52	0.5
833	109	0.434999999999999998
833	65	0.5
833	2	0.5
833	1	0.5
833	20	0.309999999999999998
834	2	0.474999999999999978
834	655	0.5
834	41	0.564999999999999947
834	73	0.339999999999999969
834	1	0.385000000000000009
834	37	0.294999999999999984
835	469	0.5
835	41	0.5
835	1	0.5
835	77	0.5
836	7	0.5
836	41	0.5
836	98	0.5
836	1	0.309999999999999998
837	655	0.5
837	73	0.625
837	41	0.5
837	1	0.5
837	37	0.339999999999999969
838	41	0.309999999999999998
838	39	0.5
838	73	0.75
838	2	0.469999999999999973
838	37	0.294999999999999984
838	655	0.5
838	1	0.42000000000000004
839	96	0.5
839	68	0.5
839	39	0.5
839	97	0.5
839	542	0.5
839	546	0.5
840	68	0.53499999999999992
840	546	0.354999999999999982
840	71	0.344999999999999973
840	34	0.380000000000000004
840	97	0.75
840	764	0.5
841	546	0.5
841	71	0.359999999999999987
841	540	0.75
841	46	0.469999999999999973
842	68	0.5
842	546	0.5
842	89	0.5
842	97	0.5
842	71	0.5
843	542	0.5
843	263	0.5
843	89	0.5
843	637	0.5
843	546	0.5
844	89	0.5
844	46	0.5
844	39	0.5
844	544	0.5
844	65	0.5
844	546	0.5
844	541	0.5
844	1	0.5
845	34	0.5
845	25	0.5
845	546	0.5
845	89	0.5
845	65	0.5
674	485	0.570000000000000062
674	265	0.75
674	71	0.275000000000000022
674	34	0.415000000000000036
674	186	0.729999999999999982
846	457	0.75
846	265	0.309999999999999998
847	186	0.5
847	34	0.5
847	465	0.415000000000000036
847	265	0.5
848	265	0.339999999999999969
848	34	0.5
849	71	0.5
849	18	0.5
849	34	0.5
849	649	0.260000000000000009
849	414	0.339999999999999969
849	68	0.28999999999999998
850	485	0.5
850	519	0.320000000000000007
850	265	0.5
850	774	0.320000000000000007
850	775	0.75
851	36	0.5
851	97	0.5
851	282	0.5
852	36	0.75
852	282	0.5
852	34	0.5
853	36	0.275000000000000022
853	103	0.45499999999999996
853	282	0.265000000000000013
854	39	0.359999999999999987
854	189	0.304999999999999993
855	278	0.450000000000000011
855	265	0.5
855	269	0.5
855	598	0.5
856	266	0.5
856	311	0.625
856	269	0.375
856	598	0.5
857	46	0.5
857	598	0.5
857	269	0.5
858	278	0.75
858	265	0.280000000000000027
858	598	0.450000000000000011
859	265	0.75
859	359	0.5
859	40	0.5
859	46	0.5
859	598	0.5
859	518	0.5
860	265	0.5
860	598	0.5
860	269	0.5
860	46	0.5
861	278	0.5
861	598	0.5
861	518	0.75
863	68	0.5
863	39	0.5
863	153	0.5
863	497	0.5
863	5	0.5
863	1	0.5
864	39	0.75
864	98	0.5
862	253	0.405000000000000027
862	106	0.75
862	50	0.5
862	713	0.5
866	328	0.375
866	487	0.75
866	367	0.5
866	46	0.5
867	39	0.415000000000000036
867	153	0.5
869	556	0.5
869	775	0.75
869	265	0.75
869	186	0.5
869	601	0.5
869	526	0.75
870	266	0.5
870	556	0.5
870	265	0.5
870	269	0.5
870	46	0.5
871	71	0.265000000000000013
871	556	0.464999999999999969
871	65	0.285000000000000031
871	1	0.75
872	759	0.5
872	73	0.75
872	1	0.5
872	445	0.5
872	37	0.349999999999999978
873	759	0.5
873	73	0.75
873	445	0.5
873	37	0.415000000000000036
874	759	0.5
874	445	0.5
874	37	0.5
875	759	0.5
875	73	0.5
875	445	0.5
875	37	0.5
876	759	0.5
876	73	0.5
876	1	0.5
876	445	0.75
876	37	0.75
878	41	0.5
878	73	0.5
878	655	0.5
878	445	0.5
878	37	0.5
877	355	0.5
877	75	0.5
877	285	0.320000000000000007
877	785	0.5
877	181	0.5
877	68	0.53499999999999992
877	366	0.5
879	789	0.75
879	440	0.75
879	377	0.75
879	570	0.320000000000000007
879	2	0.459999999999999964
879	265	0.5
879	278	0.75
880	113	0.5
880	68	0.5
880	565	0.5
880	790	0.5
880	97	0.5
880	791	0.5
881	792	0.5
881	627	0.5
881	793	0.5
881	565	0.5
881	794	0.5
882	327	0.380000000000000004
882	565	0.325000000000000011
882	12	0.5
882	194	0.380000000000000004
34	1	0.75
34	3	0.530000000000000027
34	65	0.405000000000000027
34	114	0.339999999999999969
34	94	0.434999999999999998
883	565	0.5
884	792	0.5
884	720	0.5
884	627	0.5
884	793	0.5
884	801	0.5
884	427	0.5
884	565	0.5
885	565	0.5
885	720	0.5
673	70	0.364999999999999991
673	476	0.5
673	4	0.75
673	106	0.309999999999999998
673	39	0.5
673	6	0.33500000000000002
673	1	0.515000000000000013
886	18	0.5
886	65	0.5
886	1	0.400000000000000022
886	94	0.5
886	114	0.5
887	1	0.75
887	68	0.354999999999999982
887	360	0.285000000000000031
887	65	0.464999999999999969
887	114	0.5
274	221	0.5
274	462	0.5
274	68	0.75
890	221	0.5
890	34	0.5
890	106	0.5
890	91	0.5
890	36	0.5
890	6	0.5
890	1	0.5
891	221	0.5
891	2	0.5
891	97	0.5
891	80	0.5
891	277	0.5
891	440	0.5
892	278	0.75
892	440	0.464999999999999969
892	703	0.5
892	221	0.255000000000000004
892	265	0.275000000000000022
892	808	0.5
892	492	0.315000000000000002
893	265	0.445000000000000007
893	186	0.275000000000000022
893	692	0.255000000000000004
893	809	0.410000000000000031
893	40	0.75
895	265	0.390000000000000013
895	34	0.270000000000000018
895	692	0.255000000000000004
895	809	0.364999999999999991
895	40	0.75
896	40	0.75
896	34	0.285000000000000031
896	809	0.434999999999999998
896	692	0.5
896	265	0.424999999999999989
898	788	0.5
898	181	0.5
898	280	0.5
898	68	0.5
897	166	0.580000000000000071
897	25	0.580000000000000071
900	25	0.285000000000000031
900	1	0.5
900	98	0.5
901	71	0.375
901	34	0.304999999999999993
901	786	0.5
901	364	0.320000000000000007
901	68	0.375
902	25	0.5
902	21	0.5
903	160	0.5
903	181	0.294999999999999984
903	20	0.75
903	147	0.609999999999999987
903	133	0.5
903	3	0.520000000000000018
903	1	0.429999999999999993
904	133	0.5
904	160	0.5
904	1	0.5
906	565	0.5
906	720	0.5
906	627	0.5
906	427	0.5
907	565	0.5
907	720	0.5
907	627	0.5
908	106	0.5
908	565	0.5
908	627	0.5
908	452	0.5
911	89	0.5
911	799	0.5
911	107	0.5
918	703	0.609999999999999987
918	278	0.75
918	265	0.5
918	704	0.28999999999999998
918	377	0.630000000000000004
917	61	0.625
917	20	0.75
917	280	0.309999999999999998
917	1	0.309999999999999998
917	181	0.375
917	341	0.5
916	124	0.5
916	65	0.5
916	1	0.5
920	34	0.415000000000000036
920	124	0.5
920	71	0.415000000000000036
920	19	0.75
921	493	0.5
921	124	0.5
921	71	0.5
921	34	0.625
923	40	0.5
923	265	0.309999999999999998
923	124	0.5
923	485	0.75
923	42	0.309999999999999998
924	75	0.5
924	181	0.5
924	280	0.5
924	341	0.5
924	20	0.5
924	1	0.5
926	34	0.685000000000000053
926	124	0.309999999999999998
926	71	0.625
928	39	0.5
928	179	0.5
928	98	0.5
929	341	0.5
929	75	0.75
929	181	0.75
929	1	0.5
922	755	0.5
922	1	0.349999999999999978
922	109	0.75
922	482	0.5
932	179	0.5
932	39	0.53499999999999992
932	511	0.5
935	755	0.5
935	109	0.5
935	616	0.5
935	404	0.5
934	39	0.5
934	179	0.5
937	34	0.304999999999999993
937	124	0.304999999999999993
937	71	0.304999999999999993
938	501	0.270000000000000018
938	128	0.75
938	34	0.464999999999999969
938	71	0.33500000000000002
938	124	0.28999999999999998
938	536	0.530000000000000027
936	755	0.5
936	403	0.5
936	109	0.5
936	595	0.5
936	577	0.5
942	179	0.5
942	98	0.5
942	86	0.5
944	824	0.5
944	46	0.450000000000000011
944	34	0.5
945	97	0.5
945	46	0.5
945	259	0.5
945	34	0.5
946	827	0.5
946	34	0.5
946	154	0.5
946	46	0.5
946	71	0.5
947	71	0.304999999999999993
947	46	0.515000000000000013
947	34	0.445000000000000007
948	98	0.275000000000000022
948	828	0.5
948	86	0.75
948	21	0.28999999999999998
949	98	0.5
949	287	0.5
949	319	0.359999999999999987
949	86	0.5
949	34	0.469999999999999973
949	101	0.75
950	98	0.5
950	97	0.280000000000000027
950	34	0.364999999999999991
950	86	0.265000000000000013
951	98	0.349999999999999978
951	86	0.75
951	111	0.5
951	110	0.5
951	21	0.75
952	98	0.5
952	97	0.5
952	113	0.5
952	596	0.5
952	597	0.5
952	34	0.5
953	98	0.5
953	86	0.560000000000000053
953	21	0.75
954	86	0.5
954	98	0.5
954	68	0.5
954	1	0.434999999999999998
954	5	0.304999999999999993
954	14	0.5
955	98	0.5
955	493	0.75
955	154	0.75
956	98	0.270000000000000018
956	39	0.294999999999999984
957	98	0.275000000000000022
957	39	0.5
957	86	0.410000000000000031
958	98	0.5
958	86	0.75
958	21	0.339999999999999969
959	98	0.5
959	39	0.450000000000000011
960	98	0.5
960	86	0.375
960	1	0.339999999999999969
961	98	0.5
961	89	0.5
961	21	0.5
961	106	0.5
961	260	0.5
961	679	0.5
961	842	0.5
962	98	0.255000000000000004
962	21	0.354999999999999982
962	65	0.45499999999999996
962	86	0.354999999999999982
962	1	0.5
962	84	0.270000000000000018
962	34	0.304999999999999993
962	287	0.255000000000000004
963	98	0.255000000000000004
963	39	0.5
963	86	0.75
963	287	0.5
964	86	0.5
964	98	0.5
964	21	0.5
964	106	0.5
965	98	0.429999999999999993
965	86	0.685000000000000053
965	111	0.325000000000000011
966	86	0.5
966	98	0.5
966	21	0.375
966	273	0.5
967	98	0.325000000000000011
967	86	0.440000000000000002
967	68	0.5
968	98	0.5
968	39	0.5
969	98	0.5
969	39	0.699999999999999956
970	98	0.5
970	39	0.5
970	21	0.415000000000000036
971	63	0.5
971	77	0.5
971	68	0.5
971	124	0.5
971	71	0.5
971	34	0.5
971	276	0.5
972	400	0.5
972	256	0.5
972	89	0.5
972	145	0.5
972	106	0.5
972	255	0.5
972	227	0.5
972	698	0.5
973	256	0.5
973	698	0.5
973	89	0.5
973	106	0.5
973	110	0.5
973	255	0.5
974	21	0.5
974	98	0.5
974	206	0.5
974	851	0.5
974	86	0.5
975	130	0.5
975	72	0.5
975	166	0.5
975	94	0.5
975	123	0.5
975	114	0.5
975	65	0.5
975	1	0.5
976	240	0.400000000000000022
976	2	0.450000000000000011
976	277	0.400000000000000022
\.


